0
1
3
4
2
7
65
1
8
1
7
5
7
12
21
15
14
20
21
23
22
21
47
24
32
31
27
32
42
26
45
24
32
42
44
33
45
49
51
46
49
42
49
57
50
49
62
51
59
44
43
50
52
62
55
58
61
60
81
62
62
89
53
54
63
66
68
69
65
64
65
73
75
73
72
70
75
76
77
76
81
77
86
80
86
86
82
78
90
106
106
93
90
93
88
94
97
95
98
96
99
102
159
110
107
107
108
107
112
110
113
108
113
109
110
118
119
142
124
118
141
121
123
124
127
123
124
124
127
124
131
124
131
127
127
125
141
136
142
138
137
165
131
143
141
141
148
148
152
154
141
143
150
145
154
156
157
137
160
195
150
155
154
155
168
157
156
147
151
177
150
179
168
171
172
170
158
160
197
204
167
190
146
165
171
164
160
162
172
172
172
173
175
176
182
194
178
231
179
213
171
169
254
180
201
199
211
178
213
184
182
182
190
181
192
197
159
149
199
226
196
543
212
141
199
178
228
200
223
206
209
208
214
224
236
241
237
219
226
244
228
227
229
230
283
178
245
231
231
232
236
230
234
238
234
179
239
220
246
260
246
201
277
246
259
274
258
268
286
265
275
262
275
261
273
275
277
270
284
275
275
277
276
279
286
280
259
300
278
280
286
292
290
285
290
290
268
249
298
291
295
292
291
294
311
307
298
296
292
299
303
287
287
300
300
326
304
307
317
318
313
315
315
310
329
317
329
304
318
331
321
332
332
314
343
317
315
324
332
324
323
319
332
337
338
334
482
336
348
344
352
335
345
345
354
348
348
349
359
365
354
353
370
366
358
359
363
371
371
373
365
368
362
364
381
378
390
386
375
397
381
385
385
387
385
389
383
394
390
376
391
393
394
392
394
395
397
400
396
404
404
404
401
379
403
407
402
399
426
395
400
409
400
414
404
407
405
408
415
419
415
419
375
413
420
417
419
426
428
437
431
434
440
438
437
439
450
439
432
432
441
440
440
442
445
448
447
464
447
448
444
444
468
457
450
451
475
456
444
453
458
446
455
453
471
464
458
479
472
447
461
471
473
465
468
468
468
469
498
471
457
481
464
483
475
483
476
474
476
452
451
493
472
482
492
486
511
472
496
510
502
492
491
503
494
464
508
507
478
508
498
511
506
515
517
520
508
520
500
503
493
524
511
499
505
512
513
532
532
509
538
513
514
518
531
509
528
514
539
539
521
586
542
521
542
490
528
527
531
600
533
561
535
551
553
585
530
499
567
537
578
566
522
521
540
561
541
541
542
527
543
558
543
545
534
555
485
558
555
536
553
553
554
537
577
549
586
564
586
540
571
570
568
568
576
598
585
576
610
566
599
586
621
587
541
616
588
588
594
615
573
610
549
586
565
601
605
624
606
620
595
621
621
635
632
665
619
609
624
657
602
586
632
632
622
617
633
644
619
628
646
623
624
637
622
636
646
634
650
617
651
634
663
640
641
645
637
649
648
657
639
658
659
660
693
670
633
664
665
667
652
667
665
673
668
672
680
667
671
674
680
675
678
676
686
681
676
673
675
687
684
691
691
702
693
696
695
694
695
708
695
694
698
700
707
699
703
704
708
704
708
716
704
703
709
699
700
714
729
712
713
716
723
722
717
714
710
728
718
723
730
756
722
716
725
725
738
721
739
722
718
733
747
730
728
732
755
731
719
740
738
741
750
727
752
746
758
732
753
755
760
769
731
765
760
766
757
761
741
769
757
742
774
760
772
762
762
762
765
763
763
760
804
785
767
815
9483
761
761
770
814
776
767
794
790
782
772
790
801
816
774
822
783
790
806
792
793
767
798
774
781
798
799
796
803
799
814
805
804
832
790
812
801
804
843
812
831
813
816
794
827
824
834
819
820
822
959
798
869
801
822
856
850
828
810
831
826
827
830
810
835
873
819
856
834
875
856
842
845
837
853
841
838
850
864
824
864
867
853
870
811
870
927
782
1018
926
841
822
860
881
863
840
869
824
885
886
890
867
867
866
869
872
838
842
897
874
870
898
871
912
900
903
871
871
874
903
884
882
907
880
879
881
933
889
983
866
865
1055
860
857
894
915
890
922
897
898
906
933
882
979
851
853
900
929
901
903
905
932
906
908
968
911
931
940
946
892
907
951
951
921
1010
923
868
932
855
852
925
961
926
927
935
968
930
937
929
940
958
899
969
969
969
971
943
942
945
974
978
948
921
948
947
1017
983
985
956
957
928
976
989
984
962
943
969
969
969
931
965
969
999
970
1002
973
1002
1044
944
971
975
975
976
976
982
995
1024
925
874
952
981
1015
1018
1000
1052
1170
998
983
982
1043
994
996
1038
987
1171
985
914
988
989
989
988
983
1029
997
1009
1000
970
1082
978
1045
1005
1018
1060
950
1011
877
1088
940
981
995
1054
1012
1015
981
1065
1018
1025
970
1022
1065
1072
1019
1026
1043
1027
1018
1115
1034
1069
1027
1027
1000
1078
1209
1086
1127
1078
1034
1043
1042
1059
1087
1048
1003
942
1096
979
1063
1045
1047
1052
1098
1048
1051
1014
982
1020
981
1055
1056
1056
1109
1112
1062
1064
1065
1065
1113
1113
1074
1027
1025
949
1183
1066
1119
1074
1077
1120
1125
1030
1189
1028
1028
1080
1086
1193
1038
1282
1099
1088
1162
1137
1045
1087
1087
1142
1089
1088
1096
1152
1148
1147
1093
1092
1099
1151
1159
1118
1062
1060
1100
1112
1063
1108
1107
1110
1151
1126
1043
1086
1087
1164
1021
1187
1127
885
1113
1116
1113
1122
1066
1071
1121
1117
1119
1115
1186
1121
1118
1180
1125
1125
1121
1130
1170
1195
1288
1245
1134
1084
1199
1088
1246
1091
1138
1141
1142
1144
1144
1145
1211
1211
1274
1097
1151
1203
1216
1156
1148
1214
1150
1222
1153
1046
1193
1223
1219
1163
1167
1168
1179
1081
1038
1271
1030
1231
1287
1238
1186
1180
1072
1234
1189
1191
1192
1233
1174
1196
1291
1247
1250
1195
1197
1250
1216
1114
1253
1308
1169
1200
1210
1257
1380
1265
1146
1252
1207
1147
1212
1208
1194
1204
1275
1213
1329
1220
1218
1276
1021
1279
1237
1113
1314
1277
1286
1314
1232
1232
1234
1180
1294
1239
1239
1242
1240
1280
1197
1185
1043
1355
1249
1246
1192
1304
1251
1366
1253
1301
1264
1203
1307
1305
1254
1263
1258
1092
1266
1335
1264
1096
1262
1259
1260
1262
1317
1309
1323
1311
1323
1158
1327
1230
1329
1332
1271
1272
1273
1280
1438
1079
1335
1112
1281
1343
1280
1280
1346
1281
1285
1352
1132
1342
1353
1233
1124
1348
1194
1434
1521
1287
1296
1297
1356
1305
1255
1300
1213
1307
1441
1300
1532
1425
1307
1217
1322
1236
1373
1119
1211
1375
1254
1367
1260
1542
1308
1308
1381
1319
1468
1321
1260
1389
1392
1320
1309
1396
1324
1636
1327
1558
1325
1400
1403
1317
1332
1404
1329
1330
1406
1484
1455
1322
1337
1407
1280
1282
1340
1511
1413
1281
1346
1348
1343
1585
1348
1124
1372
1134
1684
1349
1545
1354
1426
1354
1435
1372
1304
1444
1431
1354
1354
1355
1585
1356
1367
1442
1370
1262
1302
1269
1448
1373
1378
1376
1321
1379
1563
1383
1389
1379
1380
1376
1396
1384
1548
1325
1273
1385
1385
1463
1390
1324
1395
1388
1389
1460
1323
1485
1476
1411
1271
1643
1396
1330
1392
1400
1399
1405
1478
1329
1472
1404
1396
1410
1500
1279
1432
1346
2423
1294
1494
1414
1415
1502
1420
1502
1418
1512
1510
1425
1421
1423
1424
1429
1599
1646
1513
1513
1298
1601
1435
1433
1437
1515
1514
1527
1478
1383
1443
1447
1364
1439
1439
1526
1365
1622
1447
1442
1623
1445
1453
1494
1536
1231
1387
1542
1472
1537
1692
1550
1466
1464
1551
1464
1547
1478
1579
1327
1402
1554
1485
1485
1398
1484
1562
1560
1216
1480
1553
1487
1461
1574
1484
1456
1412
1526
1416
1571
1494
1417
1491
1491
1505
1497
1497
1574
1583
1502
1775
1554
1354
1354
1461
1443
1546
1590
1228
1504
1597
1504
1597
1588
1833
1505
1603
1512
1513
1605
1701
1513
1359
1514
1606
1516
1516
1613
1438
1616
1296
1297
1522
1530
1524
1534
1632
1506
1628
1532
1626
1534
1544
1259
1310
1459
1539
1407
1544
1625
1628
1640
1399
1385
1385
1546
1551
1461
1635
1549
1549
1743
1552
1558
1474
1653
1556
1489
1649
1562
1655
1561
1663
1565
1563
1485
1573
1572
1665
1498
1582
1582
1745
1583
1672
1583
1510
1675
1673
1586
1829
1506
1513
1671
1592
1414
1591
1597
1595
1705
1683
1598
1612
1511
1590
1599
1605
1369
1693
1601
1609
1604
1516
1629
1602
1604
1617
1610
1612
1520
1873
1714
1305
1680
1698
1614
1729
1650
1567
1137
1621
1489
1796
1531
1856
1532
1367
1623
1635
1535
1719
1695
1748
1535
1868
1635
1628
1636
1394
1549
1639
1738
1643
2010
1477
1562
1691
1646
1741
1644
1764
1653
1650
1644
1653
1647
1655
1655
1656
1657
1745
1663
1660
1413
1568
1656
1659
1657
1658
1767
1665
1675
1761
1672
1671
1675
1669
1671
1678
1775
1675
1774
1691
1685
1597
1784
1690
1889
1427
1781
1634
1697
1698
1692
1693
1435
1694
1720
1702
1368
1614
1879
1796
1798
1712
1707
1706
1717
1875
1866
1723
1622
1803
1622
1717
1812
1725
1726
2146
1727
1784
1478
1822
1643
1727
1954
1737
1961
1895
1734
1733
1918
1736
1665
1741
1853
1748
1901
1968
1830
1489
1841
1501
1748
1746
1580
1745
1656
1755
1751
1667
1753
1764
1845
1766
1776
1420
1418
1776
1774
1915
1914
1780
1857
1764
1805
1605
1865
1709
1717
1865
1869
1505
1792
1873
1798
1796
1803
1876
1807
1947
1803
2237
1808
1856
1726
1810
1891
1719
1850
1741
1475
1882
1808
2083
1822
1739
1822
1729
2149
1896
1730
1829
1829
1902
1762
1901
1899
1834
1906
1836
1551
1852
1757
1845
1913
1848
1845
1855
1924
1916
1918
1856
1990
1780
1858
1814
1863
1862
1517
1864
1833
1915
1901
1933
1620
1804
1711
1798
1935
1866
1912
1873
1873
1890
1884
1937
2007
1881
1873
1873
1873
1873
1874
1950
1882
1956
1885
1877
1884
2025
2012
1882
2018
1887
1888
1673
1875
1935
1851
1852
1895
1823
1981
1898
1905
1832
1512
1901
1834
1969
1980
1904
1903
1907
1983
1841
1921
1987
1718
1858
1847
1985
1983
1916
1996
1927
1918
1921
1932
1817
2050
1929
1933
1929
1932
1934
1866
1937
2302
1941
1936
2064
1981
1738
2016
1797
2012
1873
2139
1950
1803
1804
2022
1951
1949
1945
1952
2019
1963
2024
1961
1956
1963
2157
1972
1855
2025
2019
1974
1599
1505
1975
1968
2038
2043
1902
1977
2103
1979
1719
1988
1989
1989
2045
1994
1990
2053
1826
2059
1923
1995
1995
1997
2063
2003
1999
1996
2062
1968
1820
1738
2133
2148
1941
2073
2008
2015
2073
2078
2011
2013
2079
2098
1822
1928
2131
1957
1958
2024
2023
2087
1955
1796
2086
2032
2091
2018
1849
2038
2098
2097
2029
1976
2033
2040
2091
2045
2105
2040
2107
2107
2094
1996
2171
2285
2052
2054
2118
2058
2055
2054
1990
2061
2063
1995
2104
1956
2117
1942
1945
2125
2069
2125
2068
2073
2070
2128
2138
2074
2080
2075
2076
2137
2077
2141
2172
1998
2086
2107
2281
2213
2094
2242
1910
2049
2101
2084
2090
2090
2147
2091
2163
2090
2158
2226
2039
2099
2096
2161
1976
2107
2043
2169
2105
1991
2168
2178
2056
2114
2117
2113
2118
2113
2121
2224
2071
2121
2126
2126
2125
2184
2216
2195
2098
2128
2130
2081
2132
2135
2135
2067
2188
2135
2188
2135
2134
2145
2014
2274
2145
2140
2203
2202
2268
2143
2146
2208
1813
2220
2155
2150
2156
2240
2028
2220
2351
2275
2032
2171
2101
2230
2157
2159
2095
2227
2160
2246
2101
2236
2219
2232
2299
2054
2171
2119
2184
2242
2234
2176
2185
2244
2252
2185
2186
2184
2194
2245
2137
2325
2186
2191
2072
2252
1845
2190
2138
1881
2197
1894
2197
2193
2678
2212
2270
2207
2208
2140
1889
2275
2216
2212
2212
2216
2213
2217
2282
2281
2089
2214
2215
2201
2250
2220
2219
2250
2097
2424
2157
2222
2299
2225
2237
2160
2164
2295
2162
2299
2374
2234
2043
2168
2242
2307
2238
2378
2246
2307
2300
2243
2246
2314
2247
2175
2209
2267
2187
2387
2325
2194
2326
2384
2255
2256
2461
2377
2333
1809
2211
2275
2268
2199
2401
2343
2272
2275
2275
2274
2345
2347
2146
2145
2348
2339
2286
2348
2370
2361
2236
2269
2291
2361
2180
2180
2637
2301
2365
1877
2231
2300
2496
2299
2299
2295
2298
2362
2301
2313
2068
2109
2375
2441
2312
2444
2244
2363
2320
2258
2316
2393
2320
2322
2574
2318
2264
2330
2254
2260
2390
2385
2393
2361
2209
2204
2395
2454
2331
2405
2339
2269
2277
2404
2337
2806
2340
2345
2406
2280
2282
2351
2462
2529
2284
2370
2221
2431
2352
2360
2004
2006
2308
2303
2299
2423
2356
2356
2357
2362
2421
2434
2364
2370
2643
2350
2437
2443
2452
2375
2460
2586
2380
2657
2381
2433
2335
2520
2443
2514
2385
2267
2445
2476
2394
2393
2323
2384
2446
2396
2399
2399
2399
2392
2330
2425
2337
2536
2400
2471
2222
2286
2475
2546
2349
2410
2411
2482
2344
2486
2412
2564
2409
2482
2418
2408
2338
2417
2418
2493
2292
2294
2555
2499
2426
2428
2510
2433
2433
2434
2499
2353
2450
2436
2434
2439
2508
2437
2303
2448
2373
2510
2520
2440
2516
2447
2524
2384
2310
2141
2383
2518
2452
2517
2266
2451
2531
2455
2458
2533
2529
2552
2338
2600
2329
2199
2467
2551
2471
2474
2472
2614
2607
2546
2475
2484
2481
2476
2480
2478
2476
2402
2561
2502
2424
2416
2485
2486
2567
2432
2490
2492
2492
2513
2569
2365
2361
2643
2500
2580
2504
2585
2509
2505
2503
2514
2442
2827
2415
2452
2376
2470
2453
2519
2586
2515
2439
2595
2517
2450
2522
2478
2591
2522
2526
2583
2526
2600
2527
2608
2679
2415
2420
2553
2532
2471
2534
2536
2470
2609
2627
2615
2621
2540
2541
2482
2554
2548
2548
2555
2548
2554
2542
2621
2575
2375
2686
2562
2438
2632
2566
2548
2555
2635
2408
2292
2555
2559
2567
2567
2641
2570
2571
2572
2598
2322
2316
2651
2581
2308
2664
2575
2576
2587
2710
2592
2594
2590
2517
2656
2609
2651
2666
2602
2600
2600
2652
2525
2610
2456
2326
2606
2603
2545
2607
2662
2616
2609
2613
2739
2594
2695
2620
2544
2472
2624
2623
2626
2684
2629
2807
2524
2632
2631
2635
2749
2437
2486
2638
2637
2637
2657
2704
2762
2700
2570
2643
2713
2646
2648
2720
2584
2586
2655
2650
2653
2655
2718
2444
2655
2655
2722
2781
2835
2663
2664
2669
2469
2669
2665
2668
2736
2671
2743
2519
2674
2267
2676
2612
2741
2603
2768
2680
2744
2744
2725
2747
2636
2629
2686
2685
2691
2689
2755
2795
2761
2695
2708
2366
2763
2699
2705
2699
2768
2707
2706
2702
2725
2446
2376
2662
2710
2811
2717
2777
2660
2723
2724
2782
2804
2671
2416
2782
2970
2727
2732
2728
2794
2734
2727
2909
2737
2790
2742
2739
2798
2891
2722
2767
2695
2684
2746
2682
2842
2698
2810
2561
2848
2808
2752
2826
2757
2758
2758
2762
2706
2707
2566
2772
2766
2768
2766
2777
2777
2777
2824
2766
2779
2785
2725
2657
2787
2838
2886
2783
2785
2790
2790
2800
2682
2683
2791
2795
2791
2737
2839
2757
2838
2803
2869
2806
2991
2855
2630
2825
2899
2359
2495
2808
2693
2863
2826
2598
2824
2752
2758
2810
2870
2876
2813
2816
2828
2826
2879
2835
2835
2870
3066
2882
2848
2726
2726
2882
2850
2847
2839
2923
3010
2865
2896
2810
2798
2848
2892
2916
2929
2768
2854
2852
2902
2799
2862
2863
2907
2868
2870
2835
2913
2910
2876
2871
2873
2919
2967
2881
2881
2883
2885
2921
2897
2836
2848
2945
2982
2888
2931
2951
2894
2894
2799
2775
2894
2896
2892
2895
2894
2951
2911
2756
2916
2842
2781
2858
2903
2902
2901
2853
2915
2948
2856
2906
2906
2909
2910
2909
2879
2916
2959
2958
2965
2915
2811
2919
2921
3005
2907
2906
2976
2889
2855
3179
2888
2925
2926
2927
2935
2925
2931
2890
2990
2984
2984
2929
2931
2898
2863
2949
2985
2991
3000
2953
2955
2956
2958
2960
2911
2913
2958
2992
3074
2940
3032
2995
3025
3006
2970
2973
3010
2926
3018
2978
2999
3000
2939
3039
3021
2926
2926
2983
3025
2985
3025
3111
2854
3043
2941
3031
2999
3034
2961
2999
3038
3004
3102
2897
2897
3027
2996
3006
3029
3146
3006
3007
3008
7891
3049
2962
3047
3011
3022
2890
3012
3056
2987
3103
3024
2926
3060
3027
3062
2906
3026
3028
2880
3070
2865
3042
3050
3030
3029
3030
3074
3078
2963
3031
3034
3084
3035
3085
3015
3027
3017
3083
3039
3041
3088
3047
3082
3042
3051
3054
3141
2934
2984
3048
3098
3055
3203
3016
3062
3104
3062
3061
3060
3022
3066
3067
3111
3110
3066
3168
3001
3066
3126
3063
3069
3076
3094
3031
3035
3095
3085
3038
3131
3075
3077
3098
3043
3134
3098
3142
3199
3088
3081
2985
3086
3085
3090
3131
3094
3093
3096
3098
3145
3050
3106
3100
3108
3099
3106
3101
3057
3156
3106
3079
3155
3053
3156
3054
3064
3107
3107
3113
3063
3109
3110
3064
3170
3116
3117
3116
3126
3171
3140
3176
3002
3184
3094
3194
3142
3134
3133
3139
3182
3133
3079
3146
3193
3165
3157
3025
3023
3158
3200
3156
3160
3170
3200
3160
3164
3213
3165
3166
3166
3168
3209
3100
3209
3171
3325
3175
3244
3187
3209
3105
3120
3321
3222
3150
3222
2973
3333
3186
3196
3226
3186
3188
3206
3158
3191
3192
3196
3237
3190
3236
3205
3215
3191
3242
3226
3257
3250
3196
3290
3204
3100
3113
3248
3177
3286
3216
3246
3208
3170
3218
3220
3327
3043
3072
3221
3266
3220
3222
3310
3261
3186
3224
3273
3199
3226
3285
3186
3232
3233
3227
3235
3196
3238
3273
3241
3148
3243
3274
3293
3317
3134
3210
3214
3075
3292
3293
3254
3263
3275
3230
3263
3262
3254
3243
3261
3263
3223
3348
3225
3303
3268
3267
3285
3317
3181
3285
3284
3281
3315
3252
3317
3323
3384
3246
3164
3293
3370
3319
3330
3293
3293
3293
3297
3307
3301
3273
3348
3275
3339
3310
3313
3346
3313
3316
3309
3317
3327
3346
3367
3317
3348
3348
3319
3301
3353
3378
3332
3212
3173
3345
3354
3387
3342
3334
3326
3329
3337
3336
3366
3388
3346
3318
3347
3327
3347
3334
3276
3349
3350
3367
3380
3320
3385
3351
3354
3352
3412
3382
3353
3391
3391
3311
3352
3368
3354
3324
3366
3359
3361
3240
4884
3401
3270
3370
3370
3372
3375
3394
3353
3358
3394
3403
3385
3385
3381
3424
3413
3357
3441
3451
3387
3454
3454
3500
3292
3359
3391
3410
3404
3408
3393
3399
3401
3398
3408
3409
3409
3433
3427
3320
3343
3436
3423
3439
3378
3414
3432
3633
3414
3416
3449
3458
3465
3435
3388
3359
3480
3451
3436
3459
3434
3460
3432
3455
3427
3436
3436
3453
3453
3413
3414
3441
3440
3405
3470
3439
3413
3442
3446
3445
3480
3447
3491
3482
3452
3362
3429
3448
3449
3487
3493
3453
3417
3418
3450
3453
3419
3394
3455
3420
3457
3458
3500
3501
3425
3463
3465
3467
3468
3522
3475
3508
4104
3447
3445
3478
3557
3476
3476
3476
3447
3530
3452
3537
3519
3525
3417
3525
3487
3481
3486
3485
3482
3488
3490
3417
3534
3488
3461
3562
3498
3511
3498
3470
3513
3508
3628
3549
3421
3345
3552
3501
3501
3501
3536
3504
3576
3555
3511
3562
3514
3519
3518
3517
3606
3533
3512
3565
3478
3570
3494
3523
3575
3481
3524
3525
3572
3571
3644
3468
3528
3539
3548
3576
3508
3534
3545
3534
3660
3542
3591
3549
3548
3587
3543
3583
3593
3556
3555
3518
3560
3514
3478
3561
3484
3911
3559
3563
3489
3674
3521
3645
3633
3611
3553
3572
3654
3565
3549
3581
3567
3478
3624
3575
3570
3575
3570
3581
3578
3589
3623
3536
3589
3591
3671
3634
3635
3641
3554
3556
3605
3594
3604
3641
3632
3649
3476
3657
3610
3610
3574
3648
3726
3528
3646
3574
3588
3702
3611
3693
3611
3613
3664
3618
3614
3620
3619
3632
3664
3628
3544
3627
3627
3635
3709
3445
3674
3499
3677
3642
3610
3652
3634
3609
3684
3641
3606
3703
3650
3701
3509
3865
3594
3576
3649
3697
3652
3652
3643
3700
3663
3673
3701
3732
3655
3702
3661
3586
3582
3679
3632
3688
3666
3675
3607
3710
3676
3677
3681
3680
3718
3721
3682
3637
3760
3610
3693
3714
3619
3696
3685
3722
3610
3718
3731
3735
3697
3698
3700
3767
3772
3733
3655
3765
3743
3789
3713
3711
3605
3714
3685
3693
3731
3703
3681
3614
3504
3725
3681
3718
3714
3719
3760
3729
3731
3730
3723
3787
3721
3849
3687
3507
3698
3733
3745
3737
3737
3618
3739
3741
3779
3778
3663
3707
3765
3734
3775
3782
3710
3765
3758
3791
3746
3772
3760
3794
3794
3801
3795
3773
3779
3777
3774
3821
3780
3813
3742
3778
3781
3780
3784
3804
3614
3738
3789
3809
3786
3751
3791
3810
3722
3826
3785
3819
3827
3824
3799
3840
3779
3832
3741
3785
3793
3803
3806
3836
3722
3813
3841
3813
3813
3816
3844
3863
3837
3836
3845
3832
3827
3795
3796
3851
3796
3824
3827
3822
3822
3823
3865
3857
3832
3844
3817
3833
3817
3833
3845
3838
3791
3861
3872
3842
3842
3843
3845
3844
3817
3870
3689
3809
3737
3739
3851
3800
4018
3894
3970
3860
4044
3856
3865
3883
3857
3890
3829
3877
3938
3875
3895
3905
3881
3897
3875
3868
3878
3906
3880
3852
3929
3841
3836
3885
3928
3928
3850
3852
3890
3891
3916
3922
3875
3894
3880
3896
3913
3926
3897
3905
3926
3876
3951
3903
3904
3935
3907
3909
3964
3958
3911
3942
3946
3867
3894
3916
3905
3916
3936
3917
3973
3917
3922
3926
3954
3956
3987
3900
3926
3928
3950
3910
3889
3929
3938
3932
3932
3931
3965
3967
3935
3967
3979
3972
3944
3915
3971
3968
3947
3918
3956
3883
3849
4066
3941
4013
3954
3983
3998
4016
3956
3987
3957
3934
3909
3965
3980
3998
3884
3995
3935
3939
3967
4031
3965
3939
3984
4000
3969
3946
3950
3969
4011
3946
3983
4010
3982
4005
4027
3983
3911
3991
4023
3950
3989
3992
3952
4039
3981
3989
4044
3985
3993
3992
3988
4032
4063
4042
4003
4003
4003
3965
4004
4008
4008
3940
4038
3976
4069
4008
4010
4047
4021
3981
4064
4066
4043
3985
4050
4014
4059
3923
3882
4022
4025
4029
3999
3965
4058
4033
4042
4032
3995
4071
4032
4076
4094
4095
3886
3888
4077
4087
4047
4048
3969
4066
4033
4117
4054
4054
4056
3987
4059
4050
4032
4064
4082
4078
4064
4076
3979
3895
4084
4026
3985
4071
4072
4083
4049
4103
4082
4077
4092
4092
4097
4097
4102
4113
4080
4116
4104
4117
4109
4113
4106
4099
4158
4121
4032
4115
4116
4130
4123
4083
4105
4123
4123
4135
4129
4137
4127
4117
4134
4137
4133
4135
4135
4142
4147
4159
4143
4132
4145
4143
4156
4144
4155
4144
4162
4155
4156
4161
4160
4150
4150
4152
4146
4156
4148
4152
4145
4155
4168
4165
4166
4167
4178
4183
4167
4169
4174
4168
4161
4170
4187
4169
4187
4167
4179
4172
4180
4187
4192
4187
4182
4187
4185
4170
4182
4191
4180
4182
4197
4188
4204
4188
4189
4194
4210
4197
4194
4194
4198
4196
4204
4200
4195
4211
4208
4218
4204
4206
4218
4209
4211
4233
4208
4205
4224
4225
4227
4232
4224
4226
4215
4214
4227
4241
4214
4236
4243
4226
4227
4229
4229
4223
4259
4216
4231
4239
4251
4239
4252
4227
4235
4255
4251
4221
4225
4245
4246
4253
4248
4258
4247
4246
4259
4259
4263
4259
4281
4265
4265
4272
4275
4446
4624
4263
4275
4266
4282
4276
4279
4282
4278
4283
4280
4293
4289
4285
4285
4285
4288
4286
4291
4287
4291
4289
4285
4296
4295
4316
4301
4306
4303
4292
4303
4305
4312
4299
4305
4311
4308
4318
4316
4320
4311
4339
4301
4321
4318
4321
4323
4324
4403
4362
4309
4324
4325
4326
4327
4332
4327
4326
4330
4329
4336
4326
4330
4330
4341
4341
4327
4332
4326
4330
4331
4347
4336
4336
4331
4347
4337
4339
4339
4345
4332
4334
4339
4343
4353
4351
4363
4359
4360
4347
4361
4363
4356
4359
4366
4375
4362
4385
4361
4362
4375
4358
4372
4389
4364
4392
4362
4376
4360
4368
4360
4512
4366
4379
4387
4372
4374
4374
4406
4353
4380
4386
4369
4392
4377
4399
4383
4399
4367
4384
4404
4403
4375
4404
4384
4391
4367
4435
4414
4369
4397
4485
4397
4399
4417
4409
4377
4404
4404
4403
4419
4402
4413
4390
4393
4405
4410
4408
4413
4416
4463
4432
4437
4378
4432
4501
4458
4419
4419
4482
4422
4419
4431
4442
4422
4422
4434
4431
4450
4433
4428
4431
4451
4438
4446
4437
4459
4434
4431
4461
4437
4478
4440
4539
4400
4444
4463
4444
4452
4502
4437
4450
4448
4452
4450
4454
4422
4456
4439
4481
4438
4441
4438
4536
4465
4461
4474
4460
4463
4465
4493
4492
4459
4485
4499
4471
4469
4470
4471
4508
4475
4436
4466
4441
4475
4432
4438
4438
4482
4481
4484
4515
4487
4513
4488
4494
4518
4466
4489
4468
4490
4512
4495
4499
4496
4501
4533
4471
4437
4445
4471
4510
4523
4513
4536
4546
4510
4541
4537
4557
4492
4515
4588
4520
4527
4525
4540
4478
4536
4530
4485
4570
4537
4547
4540
4551
4552
4465
4561
4561
4565
4563
4562
4534
4540
4578
4541
4557
4568
4494
4575
4558
4576
4560
4518
4512
4587
4580
4475
4575
4570
4588
4563
4553
4548
4572
4589
4591
4562
4577
4567
4513
4580
4588
4563
4600
4579
4578
4586
4586
4595
4622
4615
4574
4577
4594
4589
4595
4602
4583
4601
4549
4597
4616
4608
4544
4606
4604
4604
4627
4621
4619
4605
4627
4611
4616
4630
4611
4645
4624
4629
4608
4604
4635
4627
4603
4611
4623
4643
4625
4671
4626
4632
4645
4643
4635
4636
4621
4631
4637
4628
4644
4662
4646
4640
4628
4646
4635
4601
4677
4657
4645
4667
4631
4646
4648
4653
4668
4668
4662
4650
4657
4672
4659
4693
4676
4655
4664
4665
4666
4706
4721
4657
4671
4674
4692
4701
4694
4674
4676
4696
4707
4691
4682
4718
4654
4690
4677
4678
4679
4683
4642
4700
4686
4686
4684
4688
4728
4675
4676
4687
4665
4709
4745
4690
4690
4719
4697
4718
4721
4699
4738
4674
4701
4703
4706
4763
4719
4695
4733
4712
4687
4726
4696
4698
4710
4723
4683
4742
4720
4746
4728
4726
4722
4720
4709
4731
4752
4714
4738
4728
4759
4733
4735
4738
4740
4680
4760
4787
4786
4782
4761
4735
4731
4751
4774
4715
4689
4755
4759
4756
4775
4753
4773
4780
4765
4760
4761
4766
4728
4749
4763
4769
4787
4793
4775
4773
4794
4789
4793
4776
4806
4794
4785
4787
4789
4778
4794
4821
4802
4790
4788
4791
4792
4824
4777
4842
4825
4776
4796
4789
4808
4798
4821
4799
4813
4790
4801
4791
4800
4806
4802
4829
4816
4747
4813
4760
4828
4793
4834
4833
4887
4823
4810
4811
4823
4836
4813
4823
4817
4854
4820
4834
4806
4806
4809
4824
4819
4824
4831
4830
4846
4843
4812
4862
4835
4832
4806
4838
4841
4839
4857
4868
4813
4817
4815
4850
4853
4854
4839
4855
4874
4856
4847
4941
4888
4837
4863
4880
4878
4888
4887
4872
4864
4871
4885
4874
4873
4890
4874
4906
4914
4905
4902
4878
4877
4884
4883
4867
4862
4889
4900
4862
4866
4906
4904
4890
4965
4892
4909
4875
4920
4935
4914
4894
4924
4895
4900
4895
4903
4902
4924
4917
4942
4903
4907
4890
4907
4959
4909
4931
4882
4917
4913
4911
4892
4912
4892
4928
4892
4893
4833
4951
4915
4918
4917
4896
4925
4943
4969
4912
4933
4956
4943
4951
4957
4909
4989
4967
4937
4937
4954
4944
4997
4956
4956
4953
4957
4957
5185
4998
4973
4954
4965
4957
4958
4980
4963
4952
4960
4960
4968
4965
4996
4973
5018
4948
4992
4993
4973
4974
4977
4978
4993
4984
4996
4999
5011
4995
5000
4995
5007
4995
4930
4909
4990
5003
4995
4996
5008
5012
4965
5017
4985
4983
5017
5020
4983
5043
5030
4989
4984
5010
5003
5008
5004
4995
5014
5013
5013
5059
4973
4972
5023
5041
4997
5021
5027
4987
5001
5018
5050
5004
5028
5020
5021
5035
5035
5041
5014
5083
5036
5015
5042
5051
5044
5049
5021
5020
5046
5050
5043
5053
5065
5057
5091
5054
5059
5064
5103
5065
5063
5023
5064
5570
5070
5066
5080
5077
5058
5074
5084
5093
5074
5079
5070
5078
5066
5095
5086
5091
5052
5053
5089
5090
5067
5103
5092
5099
5098
5098
5100
5096
5096
5106
5137
5098
5098
5100
5118
5113
5111
5071
5073
5113
5106
5118
5127
5113
5119
5114
5132
5111
5094
5106
5134
5121
5130
5139
5123
5131
5129
5111
5133
5129
5133
5134
5129
5134
5123
5168
5144
5145
5144
5153
5159
5144
5148
5146
5146
5153
5166
5157
5165
5174
5153
5169
5159
5161
5167
5167
5177
5173
5179
5163
5180
5175
5179
5183
5180
5176
5176
5182
5186
5178
5184
5181
5186
5183
5186
5218
5185
5216
5187
5193
5190
5199
5200
5197
5187
5198
5205
5201
5216
5197
5204
5345
5206
5207
5210
5285
5212
5313
5354
5207
5204
5238
5219
5224
5257
5225
5225
5223
5224
5259
5229
5255
5224
5233
5225
5256
5230
5232
5240
5269
5235
5236
5256
5223
5243
5231
5240
5245
5259
5244
5254
5253
5256
5255
5247
5234
5254
5254
5259
5319
5262
5297
5283
5272
5267
5273
5273
5353
5261
5313
5309
5275
5308
5254
5282
5226
5278
5294
5280
5279
5280
5288
5283
5281
5310
5279
5295
5313
5293
5278
5312
5291
5289
5296
5327
5283
5324
5287
5306
5359
5305
5309
5309
5311
5301
5328
5329
5313
5314
5357
5347
5299
5304
5313
5323
5316
5340
5318
5318
5321
5323
5335
5323
5322
5320
5336
5323
5339
5325
5341
5353
5334
5331
5345
5309
5337
5324
5335
5360
5356
5336
5347
5340
5349
5336
5352
5352
5344
5355
5343
5346
5347
5366
5347
5365
5356
5357
5363
5364
5350
5350
5371
5361
5352
5345
5362
5371
5365
5372
5367
5480
5354
5361
5370
5372
5396
5370
5365
5492
5580
5361
5374
5375
5369
5409
5377
5378
5381
5379
5390
5382
5384
5385
5385
5387
5379
5387
5389
5385
5389
5395
5403
5394
5398
5407
5401
5396
5404
5399
5401
5409
5411
5402
5404
5397
5402
5409
5403
5419
5410
5419
5411
5420
5422
5417
5418
5525
5523
5420
5415
5421
5429
5428
5423
5439
5424
5421
5426
5428
5429
5432
5441
5442
5435
5431
5434
5445
5440
5444
5439
5494
5445
5465
5441
5448
5449
5480
5424
5444
5497
5462
5451
5451
5452
5455
5451
5458
5470
5458
5457
5513
5460
5454
5466
5474
5467
5483
5473
5479
5471
5472
5482
5471
5631
5485
5488
5471
5501
5503
5490
5515
5491
5472
5494
5497
5505
5512
5498
5491
5479
5495
5491
5504
5641
5508
5538
5513
5600
5514
5510
5633
5646
5485
5473
5509
5525
5516
5540
5528
5499
5532
5522
5521
5529
5524
5552
5528
5548
5523
5529
5529
5541
5550
5542
5551
5539
5556
5544
5653
5630
5540
5546
5546
5552
5618
5549
5597
5521
5534
5536
5559
5553
5561
5553
5553
5559
5565
5624
5560
5586
5562
5561
5514
5622
5563
5625
5553
5561
5618
5606
5555
5554
5561
5566
5562
5565
5570
5622
5571
5570
5572
5576
5584
5574
5609
5567
5578
5592
5619
5568
5591
5569
5595
5580
5586
5617
5589
5625
5597
5589
5630
5629
5582
5593
5585
5614
5597
5600
5611
5635
5642
5600
5615
5598
5636
5653
5623
5619
5630
5657
5627
5666
6623
5615
5598
5652
5600
5613
5643
5638
5632
5617
5639
8013
5652
7531
9062
5660
5665
9632
5630
9468
5672
5668
5584
5622
7108
5700
5713
5734
5674
5666
5741
5690
5678
5682
5799
5692
6273
5682
5691
5684
5686
5689
6539
6122
5659
6188
5685
5692
5692
5696
5733
5696
6144
5709
6312
5702
5710
5711
5714
5781
5713
6476
6127
5645
5682
5676
5682
5679
5727
5699
5707
5748
5734
5710
5715
5741
5725
5711
5717
5719
5813
5725
5747
5758
5710
5751
5726
5725
5787
5730
5729
5734
5787
5733
5806
5789
5743
5743
5807
5831
5696
5799
5746
5786
5715
5720
5680
5741
5728
5808
5727
5797
5802
5752
5755
5767
5754
5756
5754
5751
5732
5754
5758
5757
5761
5813
5730
5759
5780
5764
5764
5754
5797
5766
5797
5763
5773
5772
5791
5768
5773
5797
5816
5784
5783
5766
5816
5785
5805
5786
5785
5767
5764
5784
5815
5790
5790
5787
5807
5796
5813
5797
5776
5767
5814
5798
5806
5819
6271
5781
5786
5786
5781
5830
5797
5833
5797
5786
5806
5810
5834
5802
5832
5811
5843
5812
5811
6376
5958
5827
5908
5822
5740
5798
5834
6510
5937
5825
5826
5838
6157
5839
5841
5839
5850
6002
5844
6502
5847
6457
5855
6023
5858
6356
6049
5817
5860
5824
5839
5839
5828
5833
5881
5841
5847
5849
5869
5881
5860
5854
5861
5881
5850
5863
5869
5865
5885
5865
5837
5870
5957
5873
5876
5907
5880
5924
5941
5883
5901
5884
5921
5888
5869
5933
5889
5949
5933
5892
5894
5957
5914
5860
5891
5861
5872
5874
5886
5968
5892
5896
5873
5904
5896
5912
5896
5896
5900
5911
5933
5904
5923
5911
5914
5948
5927
5912
5911
5909
5950
5920
5920
5919
5962
5921
5958
5907
5904
5904
5914
5954
5920
5938
5921
5915
5936
5940
5923
5939
5924
5924
5925
5946
5928
5943
5941
5924
5927
5952
5930
5929
5936
5946
5935
5952
5951
6357
5954
5937
5952
5946
6220
5955
5957
6383
6319
6053
5958
5960
5961
6352
6527
5954
5954
5952
5955
5954
5958
6159
5991
5969
5971
6081
6077
5973
5971
5974
5974
5999
5969
5977
5970
5979
5972
5979
5973
5983
6034
5983
5984
6031
5989
6021
6040
5987
5986
5997
5996
5997
6031
5997
6025
5991
6008
6001
6014
6015
6032
6066
6022
6060
6081
6031
6017
6090
6033
6072
6038
6042
6037
6048
6145
6120
6049
6043
6162
6021
6064
6032
6049
6025
6052
6098
6126
6057
6056
6135
6063
6091
6067
6067
6141
6081
6073
6074
6081
6113
6082
6120
6156
6102
6016
6040
6062
6049
6106
6064
6160
6068
6091
6101
6081
6134
6129
6095
6093
6115
6095
6095
6153
6042
6071
6087
6156
6094
6097
6152
6160
6100
6158
6108
6294
6292
6113
6112
6110
6106
6534
6116
6190
6117
6114
6339
6127
6483
6128
6394
6351
6133
6086
6098
6439
6138
6152
6319
6538
6154
6134
6421
6157
6248
6166
6187
6242
6109
6106
6109
6178
6105
6152
6144
6190
6128
6193
6153
6191
6162
6294
6124
6170
6240
6167
6253
6302
6163
6173
6165
6173
6169
6378
6173
6223
6177
6177
6351
6169
6189
6185
6182
6185
6181
6188
6213
6189
6266
6118
6187
6134
6193
6229
6175
6265
6191
6197
6311
6202
6200
6198
6228
6428
6159
6168
6099
6179
6148
6190
6213
6245
6182
6207
6252
6189
6254
6198
6229
6204
6207
6206
6206
6230
6219
6196
6221
6237
6216
6201
6245
6256
6224
6242
6229
6245
6219
6223
6218
6219
6284
6260
6178
6209
6208
6226
6236
6223
6227
6216
6273
6186
6227
6227
6279
6250
6229
6243
6237
6267
6272
6389
6248
6254
6242
6233
6352
6255
6315
6215
6271
6240
6250
6273
6387
6257
6364
6271
6267
6377
6270
6246
6322
6231
6296
6274
6294
6287
6275
6286
6345
6288
6245
6235
6338
6248
6342
6254
6258
6301
6296
6291
6269
6263
6281
6289
6368
6290
6291
6305
6300
6352
6305
6312
6344
6309
6354
6315
6372
6320
6382
6293
6299
6384
6371
6263
6279
6313
6310
6324
6393
6382
6326
6333
6336
6337
6343
6415
6340
6404
6418
6345
6321
6404
6346
6359
6418
6351
6401
6354
6444
6436
6435
6357
6423
6384
6326
6421
6419
6372
6372
6303
6435
6366
6309
6321
6321
6324
6444
6375
6385
6377
6375
6395
6386
6485
6525
6393
6461
6445
6457
6338
6411
6345
6327
6349
6470
6530
6398
6396
6534
6406
6409
6368
6411
6511
6378
6413
6416
6531
6355
6411
6350
6374
6383
6364
6356
6419
6491
6425
6424
6425
6424
6462
6346
6388
6430
6426
6426
6520
6442
6505
6436
6438
6468
6439
6527
6442
6483
6374
6347
6455
6447
6369
6433
6388
6392
6445
6401
6408
6488
6416
6476
6421
6489
6432
6429
6440
6512
6442
6468
6394
6485
6433
6533
6449
6452
6459
6518
6454
6526
6457
6518
6452
6531
6459
6433
6534
6519
6467
6468
6674
6492
6736
6477
6478
6481
6478
7108
6490
6860
6904
6583
6511
6497
6505
6546
6500
6946
6502
6510
7107
6449
6533
6466
6454
6513
6514
7152
6516
6463
6463
6555
6517
6517
6406
6529
6922
6519
6473
6879
7168
6524
6528
6520
6522
6533
6775
6767
6459
6459
6516
6482
6561
6477
6498
6493
6498
6555
6503
6534
6519
6571
6516
6569
6495
6542
6536
6531
6591
6540
6621
6601
6542
6547
6545
6545
6586
6554
6583
6558
6592
6560
6548
6566
6565
6564
6565
6581
6567
6629
6591
6619
6571
6570
6568
6619
6669
6539
6540
6552
6591
6548
6605
6624
6560
6603
6566
6561
6583
6589
6581
6698
6583
6754
6653
6515
6549
6668
6595
6616
6555
6597
6546
6593
6737
6598
6688
6603
6715
6651
6597
6579
6656
6698
6617
6621
6623
6621
6714
6623
6629
6629
6624
6711
6629
6665
6631
6608
6710
6632
6689
6795
6587
6572
6584
6734
6696
6611
6588
6582
6660
6678
6671
6620
6614
6732
6626
6614
6733
6629
6637
6754
6644
6636
6750
6640
6648
6683
6648
6648
6677
6651
6666
6623
6708
6719
6636
6640
6692
6609
6642
6722
6654
6656
6678
6729
6660
6728
6709
6614
6628
6649
6652
6633
6673
6662
6713
6709
6670
6652
6663
6757
6662
6704
6686
6664
6672
6677
6724
6739
6679
6680
6730
6680
6718
6715
6665
6690
6734
6684
6779
6706
6707
6800
6708
6767
6710
6797
6691
6677
6681
6705
6715
6802
6739
6678
6688
6677
6812
6789
6717
6717
6776
6680
6722
6777
6728
6728
6733
6756
6731
6781
6874
6812
6741
6751
6842
6706
6855
6798
6804
6786
6714
6712
6769
6738
6818
6755
6738
6819
6757
6709
6720
6678
6779
6759
6724
6731
6850
6809
6762
6761
6836
6812
6784
6798
6838
6789
6863
6819
6799
7035
6765
6899
6801
7107
6805
6887
7187
6712
6757
6795
6735
6735
6758
6837
6842
6777
6768
6836
6877
6750
6823
6877
6819
6798
6819
6818
7175
6824
7180
6826
7161
7164
6830
6828
6833
7017
6832
6835
7018
6858
7030
6836
7058
6942
6847
6850
6843
6848
6887
7198
6852
6854
7031
6854
7024
6854
6857
6860
6905
6861
7042
7082
6831
6872
7101
7193
6874
6869
7123
6882
6875
6772
6800
6789
6864
6827
6828
6851
6808
6862
6831
6823
6883
6835
6794
6887
6806
6874
6827
6898
7165
6857
6840
7009
6869
7085
6927
6876
6878
7076
7087
6878
6878
6882
6886
7033
6882
7005
6884
6890
6888
6886
7094
6836
6884
7083
6892
6892
6893
6894
7184
6897
6896
6894
7177
6897
6841
7042
6895
6870
6853
6985
6909
6878
6854
6907
6888
6902
6898
6884
6965
6868
6892
6900
6915
6902
6902
6900
6942
6963
6903
6912
6963
6968
6897
6933
7009
6903
6916
6941
6947
6918
6980
6919
6917
6982
6929
6976
6930
6977
6900
6938
6992
6934
6977
6938
6915
6964
6912
6997
6942
6947
6996
6955
7098
6954
6951
6962
6929
7021
7074
7101
6927
6926
7056
6992
6935
6973
6996
6974
6886
7068
6929
6971
7085
6985
6983
7003
6993
7093
6994
7092
6915
6964
6936
6981
6952
6997
6965
7068
7050
6969
6982
6992
6988
6997
7016
7030
6999
7015
7001
7008
7005
6957
7079
6960
7055
7032
7000
7065
7055
7004
7015
7109
7015
7015
7082
7018
7074
7020
7077
7082
7016
7021
7080
7026
7025
7096
7027
7082
7108
7037
7029
7039
7105
7048
7143
7052
7064
7112
7056
7003
7053
7158
7058
7172
7058
7069
7066
7138
7117
7068
7070
7180
7195
7061
7023
7013
7024
7026
7023
7074
7026
7023
7070
7110
7079
7033
7117
7090
7071
7047
7154
7033
7137
7110
7098
7095
7110
7067
7198
7102
7167
7187
7151
6979
7052
7012
7004
7115
7064
7167
7068
7155
7077
7198
7102
7116
7168
7102
7111
7114
7118
7117
7492
7559
7036
7100
7161
7119
7099
7121
7402
7124
7121
7127
8132
7130
7549
7133
7125
7256
7138
7156
8118
7141
7153
7149
8068
7163
7357
7682
7168
7158
7641
7174
7174
7138
7159
7180
7979
7179
8126
7813
7388
7185
7190
7182
7180
7190
7541
7190
7192
7185
7858
7071
7787
7071
7118
7203
7131
7369
7136
7201
7139
7211
7227
7174
7305
7185
7198
7417
7414
7199
7199
7199
7201
7152
7308
7164
7203
7170
7210
7420
7325
7212
7212
7212
7205
7206
7208
7348
7213
7176
7353
7171
7180
7214
7336
7214
7215
7221
7214
7218
7216
7214
7213
7350
7221
7250
7262
7443
7229
7237
7247
7364
7238
7239
7243
7347
7296
7224
7259
7201
7153
7205
7210
7256
7220
7269
7222
7228
7243
7213
7282
7292
7245
7248
7225
7274
7251
7287
7252
7253
7273
7200
7256
7255
7282
7212
7278
7383
7330
7258
7256
7412
7239
7390
7264
7277
7368
7190
7226
7244
7295
7253
7224
7251
7337
7270
7269
7279
7369
7271
7436
7423
7278
7279
7373
7266
7428
7285
7284
7292
7292
7284
7289
7292
7292
7351
7293
7405
7363
7296
7382
7297
7298
7292
7280
7259
7247
7260
7255
7301
7258
7299
7267
7264
7307
7313
7277
7296
7289
7298
7321
7299
7298
7318
7330
7286
7307
7296
7317
7261
7327
7305
7300
7312
7314
7358
7315
7346
7316
7318
7351
7318
7314
7361
7311
7353
7371
7309
7371
7321
7323
7394
7329
7385
7332
7339
7384
7334
7331
7379
7321
7327
7316
7298
7367
7318
7319
7373
7349
7353
7395
7440
7354
7445
7356
7411
7331
7339
7338
7393
7374
7427
7334
7376
7383
7436
7406
7393
7392
7323
7450
7358
7368
7395
7342
7394
7411
7441
7378
7368
7448
7438
7524
7344
7393
7529
7395
7395
7461
7400
7524
7492
7403
7403
7506
7419
7456
7425
7423
7424
7417
7495
7426
7496
7463
7430
7380
7379
7462
7427
7446
7428
7435
7470
7428
7537
7440
7510
7445
7505
7452
7452
7528
7379
7431
7381
7421
7402
7402
7414
7454
7400
7455
7457
7425
7466
7453
7426
7447
7437
7486
7455
7530
7417
7458
7458
7461
7498
7431
7467
7476
7460
7463
7541
7474
7516
7467
7508
7510
7476
7476
7476
7476
7439
7542
7542
7456
7534
7487
7485
7478
7494
7480
7489
7489
7482
7487
7470
7399
7520
7490
7523
7460
7458
7520
7462
7494
7476
7685
7457
7502
7474
7489
7512
7489
7487
7544
7466
7491
7495
7534
7501
7501
7503
7532
7463
7493
7529
7758
7519
7510
7727
7517
7518
7549
7822
7523
7523
7903
7525
7956
8038
7498
7504
7505
7526
7527
7498
7768
7527
7972
7540
7534
7541
7821
7542
8090
7534
7511
7518
7511
7545
7526
7573
7550
7505
7537
7508
7545
7631
7582
7547
7520
7530
7558
7554
7595
7554
7561
7556
7594
7569
7597
7565
7566
7560
7567
7568
7600
7571
7605
7576
7609
7578
7523
7547
7570
7569
7556
7586
7580
7595
7586
7623
7588
7588
7620
7590
7604
7594
7775
7594
7596
7595
7637
7574
7566
7576
7641
7581
7602
7619
7599
7594
7607
7646
7643
7603
7601
7654
7651
7665
7621
7623
7658
7620
7617
7648
7629
7708
7630
7841
7633
7596
7612
7616
7626
7729
7635
7700
7639
7689
7646
7603
7779
7588
7661
7739
7648
7650
7757
7651
7580
7844
7655
7592
7694
7620
7623
7598
7703
7664
7664
7665
7852
7583
7627
7569
7641
7679
7677
7588
7655
7650
7643
7680
7666
7660
7668
7685
7670
7670
7670
7678
7695
7708
7673
7672
7680
7703
7681
7650
7678
7711
7644
7666
7684
7651
7682
7711
7686
7720
7712
7689
7712
7695
7697
7697
7722
7697
7696
7722
7677
7677
7690
7723
7739
7703
7707
7711
7688
7708
7729
7709
7726
7689
7681
7729
7691
7709
7695
7699
7711
7702
7808
7708
7735
7712
7728
7716
7738
7736
7719
7718
7704
7705
7821
7731
7792
7736
7742
7734
7767
7727
7777
7718
7821
7722
7737
7738
7779
7727
7733
7723
7770
7766
7736
7725
7762
7744
7740
7771
7732
7738
7761
7749
7744
7769
7750
7756
7869
7782
7754
7751
7779
7780
7768
7763
7842
7773
7777
7802
7740
7739
7784
7758
7786
7782
7778
7816
7872
7760
7792
7830
7780
7766
7862
7790
7794
7789
7790
7872
7851
7796
7795
7797
7837
7768
7843
7807
7793
7795
7803
7796
7802
7814
7787
7813
7791
7829
7803
7813
7863
7860
7815
7836
7828
7825
7831
7855
7831
7874
7796
7874
7833
7874
8133
7818
7872
8013
7837
7828
7799
7832
7844
8040
7847
7994
7859
7941
7859
7806
7851
7966
7864
7943
7867
7865
7975
8098
8102
7814
7873
7835
7953
7822
7810
7841
8138
7844
7900
7851
7898
7842
7857
7845
7852
7886
7878
7861
7916
7878
7907
7909
7905
7883
7905
7885
7886
7886
7882
7887
7893
7912
7892
7919
7878
7892
7952
7940
7896
7902
7896
7897
7888
7968
7908
7882
7880
7879
7907
7973
8006
7935
7886
7887
7894
7913
7914
7962
7915
7922
7916
7883
7920
7901
7886
7912
7901
7924
7902
7903
7910
7940
7940
7922
7922
8003
7924
7911
7936
7963
7938
7971
7923
7948
7924
7972
7941
7945
8002
7946
7996
7948
7982
7945
7947
7932
7946
7972
7953
7994
7996
7956
7954
7959
7961
7961
7958
7967
7997
7965
7962
7970
8003
7972
8002
7978
7975
7951
7991
8034
7948
8119
8006
7951
7956
7968
7998
7977
8000
7986
8070
7998
8076
8004
7996
7994
8074
8008
8096
8009
8063
8009
8127
8077
7960
7988
8016
8019
8015
8006
7996
8014
7987
7985
8052
8033
8016
8044
8020
8058
8029
8022
8023
8022
8025
8038
8052
8026
8033
8028
8046
8040
8037
8133
8029
8039
8025
8021
8058
8121
8034
8056
8056
8026
8051
8040
8043
8044
8040
8043
8132
8038
8034
8048
8087
8114
8049
8048
8051
8077
8060
8081
8084
8047
8025
8130
8063
8054
8064
8085
8073
8092
8071
8132
8078
8115
8120
8082
8084
8085
8038
8088
8129
8086
8119
8131
8141
8075
8132
8083
8098
8100
8144
8091
8133
8093
8110
8270
8039
8053
8098
8084
8115
8085
8136
8294
8087
8241
8172
8171
8108
8114
8120
8315
8103
8126
8331
8279
8131
8141
8168
8142
8206
8186
8178
8088
8106
8099
8101
8159
8110
8175
8125
8235
8131
8122
8224
8214
8144
8161
8218
8159
8190
8212
8169
8169
8150
8235
8217
8149
8171
8228
8232
8114
8161
8159
8182
8168
8159
8169
8173
8224
8215
8132
8223
8165
8229
8206
8177
8179
8180
8182
8194
8184
8304
8191
8192
8322
8277
8193
8330
8177
8231
8195
8187
8258
8197
8178
8193
8317
8198
8301
8199
8303
8201
8228
8203
8296
8247
8211
8203
8282
8195
8195
8277
8233
8232
8235
8229
8236
8323
8285
8192
8178
8216
8239
8237
8209
8253
8181
8254
8237
8227
8224
8233
8240
8333
8188
8206
8241
8245
8277
8241
8291
8243
8243
8288
8311
8252
8293
8252
8253
8265
8329
8256
8250
8295
8259
8260
8267
8278
8260
8333
8266
8270
8323
8234
8310
8272
8331
8218
8197
8238
8280
8244
8268
8264
8259
8314
8331
8257
8256
8295
8268
8339
8282
8285
8291
8284
8341
8297
8476
8303
8298
8267
8450
8718
8311
8319
8316
8319
8300
8491
8321
8270
8327
8409
8618
8562
8328
8325
8331
8333
8206
8653
8336
8337
8408
8336
8618
8338
8338
8337
8338
8340
8640
8578
8340
8335
8711
8343
8342
8607
8302
8331
8329
8319
8274
8443
8350
8297
8333
8348
8338
8347
8396
8428
8348
8350
8411
8349
8320
8403
8356
8420
8441
8358
8357
8420
8272
8429
8342
8401
8305
8395
8354
8374
8359
8396
8360
8368
8366
8417
8372
8363
8364
8346
8417
8373
8424
8423
8366
8350
8425
8379
8424
8420
8429
8382
8380
8435
8392
8383
8577
8398
8448
8447
8402
8444
8363
8372
8420
8391
8378
8392
8397
8428
8409
8414
8454
8456
8419
8412
8371
8420
8423
8426
8681
8426
8422
8573
8430
8677
8434
8598
8456
8436
8436
8461
8437
8517
8437
8439
8366
8380
8401
8412
8418
8360
8440
8602
8544
8690
8448
8444
8446
8687
8446
8482
8377
8451
8652
8423
8452
8449
8674
8450
8527
8455
8453
8444
8683
8369
8439
8433
8376
8433
8441
8458
8471
8441
8439
8449
8406
8462
8457
8523
8445
8443
8459
8459
8460
8451
8483
8463
8498
8464
8500
8460
8465
8445
8462
8464
8464
8478
8470
8471
8482
8476
8451
8477
8467
8472
8479
8471
8486
8480
8477
8510
8486
8490
8523
8522
8483
8480
8495
8488
8497
8525
8488
8512
8492
8498
8493
8494
8486
8504
8666
8492
8518
8722
8521
8519
8521
8601
8513
8601
8526
8647
8521
8580
8563
8525
8576
8526
8527
8526
8532
8526
8532
8533
8533
8569
8618
8511
8517
8594
8537
8544
8616
8585
8547
8539
8552
8540
8626
8543
8597
8555
8593
8539
8528
8544
8559
8542
8559
8559
8593
8535
8542
8555
8619
8556
8562
8575
8579
8566
8562
8565
8585
8580
8578
8563
8564
8592
8572
8574
8590
8593
8578
8586
8581
8595
8586
8583
8578
8619
8569
8587
8571
8571
8589
8611
8592
8609
8568
8609
8597
8593
8620
8598
8597
8573
8582
8601
8589
8589
8604
8605
8591
8573
8613
8613
8600
8598
8614
8604
8581
8672
8615
8670
8565
8630
8624
8625
8626
8668
8670
8604
8678
8640
8627
8631
8619
8633
8627
8624
8648
8633
8628
8645
8637
8634
8657
8638
8651
8634
8648
8660
8646
8645
8645
8646
8666
8647
8648
8676
8657
8674
8743
8646
8658
8641
8646
8664
8664
8708
8709
8671
8666
8677
8735
8675
8709
8640
8674
8682
8681
8732
8716
8658
8677
8664
8675
8693
8697
8691
8708
8683
8704
8685
8688
8680
8706
8713
8696
8694
8692
8728
8699
8709
8731
8670
8709
8687
8725
8701
8712
8717
8714
8689
8721
8705
8698
8715
8699
8734
8713
8716
8715
8715
8715
8723
8742
8723
8747
8727
8732
8741
8729
8751
8703
8736
8766
8741
8762
8716
8738
8717
8742
8743
8725
8740
8756
8744
8772
8749
8747
8749
8750
8750
8714
8735
8739
8764
8768
8721
8762
8748
8755
8750
8749
8753
8761
8765
8751
8753
8756
8754
8781
8760
8763
8763
8761
8764
8774
8766
8759
8776
8763
9209
8769
8773
8778
9170
8775
8769
8782
8779
9171
8770
8770
8800
8780
8785
8784
8790
8784
8788
8792
8818
8793
8825
8790
8786
8823
8796
8795
8790
8796
8802
8803
8825
8804
8817
8814
8805
8808
8809
8801
8806
8960
8805
8813
8822
8816
8808
8813
8928
8949
8823
8824
8823
8818
8826
8916
8826
8826
8828
8817
8912
8826
8838
8829
8834
8829
8829
8829
8834
8830
8839
8830
8836
8839
8839
8838
8839
8836
8835
8837
8841
8842
8846
8842
8845
8852
8848
8851
8849
8850
8855
8853
8868
8848
8847
8858
8854
8854
8858
8863
8862
8870
8862
8866
8867
8868
8869
8874
8872
8875
8904
8875
8878
8877
8878
8939
8890
8880
8880
8882
8883
8884
8884
8884
8886
8885
8885
8887
8887
8884
8879
8896
8893
8892
8894
8913
8902
8902
8915
8901
8910
8903
8914
8906
8906
8910
8913
8915
8920
8931
8911
8921
8914
8923
8912
8933
8931
8921
8935
8960
8934
8963
8936
8945
8938
8944
8951
8944
8922
8954
8963
8942
8931
8956
8931
8948
8938
8938
8951
8959
8958
9011
9064
8960
8960
9068
8966
8961
8955
8984
8967
9027
8969
8989
8966
8980
8984
8970
8989
8971
8975
8972
9008
8967
8974
9016
8979
8988
8999
8984
8995
8979
8971
8975
8977
8999
8994
8992
8995
9014
9003
8998
9014
9031
9005
9005
9007
9019
8999
9023
9009
9000
9006
9072
9019
9039
9067
9022
9064
9033
9028
9053
9025
9062
9029
9029
9016
9002
9064
9053
9020
9058
9036
9028
9045
9041
9047
9028
9031
9034
9043
9010
9046
9036
9055
9064
9046
9012
9043
9015
9060
9082
9061
9055
9055
9050
9591
9067
9553
9346
9070
9040
9076
9605
9079
9454
9081
9084
9594
9307
9516
9070
9044
9048
9078
9054
9068
9134
9085
9085
9086
9113
9090
9112
9091
9088
9113
9127
9099
9094
9093
9100
9094
9143
9101
9089
9142
9104
9119
9087
9085
9118
9116
9091
9100
9109
9087
9097
9119
9104
9120
9094
9106
9117
9114
9106
9107
9106
9118
9144
9120
9210
9112
9125
9143
9122
9113
9127
9124
9146
9123
9126
9123
9141
9132
9189
9176
9122
9123
9140
9135
9136
9189
9146
9166
9151
9148
9164
9154
9132
9154
9140
9154
9154
9146
9167
9166
9168
9156
9138
9176
9160
9160
9163
9186
9157
9168
9167
9180
9165
9165
9172
9171
9201
9172
9207
9155
9164
9182
9164
9177
9183
9208
9184
9190
9210
9139
9186
9171
9356
9190
9180
9193
9194
9210
9200
9196
9195
9205
9200
9206
9230
9208
9262
9326
9150
9104
9200
9210
9268
9262
9212
9213
9214
9219
9216
9334
9200
9145
9202
9212
9218
9224
9216
9215
9229
9217
9224
9211
9204
9221
9226
9224
9230
9232
9224
9224
9212
9223
9231
9225
9224
9225
9227
9229
9229
9230
9235
9274
9245
9236
9264
9233
9238
9239
9245
9240
9241
9241
9241
9247
9246
9240
9239
9248
9244
9253
9247
9243
9239
9250
9259
9245
9250
9252
9249
9248
9255
9259
9255
9265
9255
9271
9256
9262
9293
9263
9254
9261
9271
9262
9276
9273
9274
9278
9294
9273
9292
9277
9286
9281
9277
9277
9280
9296
9292
9326
9293
9327
9287
9290
9308
9299
9298
9314
9323
9298
9332
9320
9316
9307
9322
9313
9314
9312
9316
9315
9319
9316
9326
9387
9314
9322
9324
9361
9330
9378
9333
9383
9316
9309
9326
9344
9340
9335
9338
9334
9349
9340
9351
9349
9351
9338
9345
9347
9337
9340
9360
9363
9354
9351
9362
9376
9368
9353
9365
9359
9376
9367
9375
9356
9376
9379
9353
9370
9370
9358
9380
9392
9370
9376
9383
9430
9387
9376
9396
9389
9456
9472
9425
9398
9399
9441
9459
9402
9366
9441
9391
9409
9402
9411
9411
9407
9417
9444
9412
9463
9414
9460
9471
9418
9419
9420
9463
9424
9441
9408
9400
9453
9417
9411
9438
9415
9431
9437
9417
9430
9428
9400
9430
9435
9415
9425
9457
9434
9456
9461
9447
9431
9429
9428
9447
9436
9452
9453
9432
9435
9439
9435
9444
9453
9440
9462
9465
9446
9448
9444
9435
9449
9459
9472
9521
9449
9467
9444
9473
9462
9463
9459
9596
9446
9446
9467
9470
9487
9477
9471
9605
9473
9475
9466
9401
9399
9588
9462
9467
9477
9473
9478
9473
9469
9489
9483
9474
9491
9485
9480
9485
9488
9480
9489
9487
9494
9488
9491
9489
9494
9501
9495
9497
9498
9503
9498
9500
9499
9497
9503
9512
9504
9507
9500
9510
9509
9518
9514
9519
9510
9517
9516
9556
9518
9518
9576
9523
9579
9517
9511
9520
9520
9522
9526
9530
9528
9534
9530
9529
9530
9536
9531
9546
9538
9538
9540
9532
9539
9538
9541
9543
9543
9545
9544
9544
9546
9555
9555
9546
9551
9553
9546
9556
9553
9556
9554
9556
9553
9560
9557
9557
9556
9559
9564
9569
9564
9558
9569
9583
9570
9563
9577
9563
9565
9570
9566
9571
9564
9560
9547
9578
9571
9567
9585
9585
9581
9589
9593
9586
9589
9589
9587
9592
9592
9597
9594
9596
9590
9596
9594
9597
9599
9601
9608
9605
9606
9848
9738
9608
9613
9609
9612
9614
9610
9617
9654
9617
9617
9619
9618
9619
9622
9623
9626
9620
9624
9620
9623
9624
9622
9633
9625
9639
9623
9621
9639
9630
9639
9632
9641
9636
9635
9639
9641
9644
9644
9644
9648
9648
9650
9650
9650
9652
9652
9654
9654
9653
9666
9657
9663
9661
9664
9661
9663
9670
9666
9667
9670
9669
9668
9666
9740
9673
9676
9672
9673
9676
9680
9678
9684
9683
9681
9682
9687
9686
9683
9686
9683
9688
9689
9687
9698
9698
9688
9698
9690
9710
9704
9698
9707
9714
9717
9709
9706
9717
9712
9734
9704
9724
9718
9713
9717
9722
9709
9711
9721
9734
9702
9733
9718
9725
9723
9725
9722
9725
9727
9730
9734
9731
9789
9719
9731
9750
9735
9737
9735
9754
9735
9738
9722
9740
9742
9743
9741
9741
9741
9742
9744
9745
9750
9749
9751
9745
9750
9750
9761
9735
9762
9752
9751
9751
9747
9759
9736
9749
9764
9750
9762
9765
9755
9757
9773
9772
9775
9767
9768
9757
9772
9787
9769
9780
9773
9760
9806
9780
9780
9779
9786
9776
9802
9785
9804
9778
9772
9794
9796
9789
9836
9794
9795
9785
9775
9835
9806
9797
9804
9803
9802
9825
9805
9814
9839
9804
9820
9808
9812
9810
9819
9816
9815
9820
9816
9817
9816
9821
9827
9820
9819
9824
9820
9820
9821
9821
9833
9823
9836
9863
9836
9825
9820
9827
9845
9833
9828
9829
9842
9836
9802
9808
9863
9797
9801
9837
9842
9853
9845
9856
9822
9837
9863
9862
9861
9865
9865
9861
9860
9865
9958
9876
9885
9874
9872
9868
9877
9882
9881
9877
9878
9878
9885
9953
9994
9882
9896
9886
9888
9886
9890
9888
9892
9890
9890
9891
9894
9896
9893
9897
9900
9897
9896
9900
9893
9901
9900
9893
9903
9905
9922
9909
9910
9913
9909
9908
9909
9914
9920
9916
9921
9925
9928
9952
9922
9919
9923
9928
9923
9928
9928
9929
9923
9937
9928
9934
9933
9932
9924
9937
9938
9949
9939
9939
9939
9939
9941
9938
9963
9945
9946
9949
9948
9957
9954
9950
9959
9949
9963
9961
9995
9981
9945
9957
9963
9970
9960
9963
9973
9964
9964
9965
9971
9981
9976
9974
9976
9976
9979
9974
9977
9981
9985
9988
9990
9989
9989
9983
9988
9995
9990
9995
9983
9989
9991
9999
9991
9999
9996
9993
9999
9998
9993
