0
1
1
3
1
2
7
4
7
7
5
21
12
14
8
15
21
21
23
26
22
20
24
27
24
31
42
32
32
58
42
42
32
49
44
43
33
45
50
44
49
45
49
46
51
53
51
54
62
49
52
50
57
62
47
62
59
55
62
60
61
63
65
64
65
65
66
68
69
70
72
75
73
73
75
76
76
78
77
77
80
86
81
81
86
86
82
88
89
90
90
93
94
93
95
96
97
98
99
102
108
106
106
107
107
110
108
107
110
110
109
112
113
113
118
121
124
119
118
123
124
123
124
124
125
124
124
127
127
127
127
131
131
136
131
137
137
138
141
141
141
142
141
143
142
141
145
149
141
146
154
148
155
151
155
154
157
156
148
152
150
154
147
143
165
159
150
158
169
150
165
171
172
159
164
162
157
167
178
179
182
160
182
170
171
171
168
172
172
160
190
175
160
176
178
178
178
214
172
179
179
201
180
181
182
177
173
184
190
196
194
212
275
1884
208
199
199
199
195
197
200
168
204
201
211
206
227
213
192
213
230
231
219
223
234
220
226
226
209
228
230
197
228
229
245
231
236
232
224
239
237
234
236
238
244
231
246
246
246
259
156
265
259
249
258
241
260
262
261
254
268
273
270
274
268
275
275
292
275
277
280
275
283
278
280
279
286
287
284
286
286
300
292
276
285
290
300
290
291
287
298
277
277
291
295
294
290
307
292
300
296
299
303
304
315
315
304
317
311
314
307
324
298
310
318
317
313
318
319
315
321
323
332
317
332
329
337
324
331
332
332
329
334
336
326
335
338
343
348
345
345
348
348
354
354
353
344
352
349
362
359
358
359
363
364
365
365
366
368
370
371
373
375
381
378
375
379
385
381
376
385
383
392
389
385
390
387
391
394
393
390
386
371
394
395
394
397
396
395
400
402
397
401
400
404
399
403
404
404
404
400
405
407
407
408
409
413
419
415
414
417
419
419
415
420
426
426
428
432
431
457
437
432
434
438
439
439
451
441
437
440
444
444
440
444
442
445
447
447
446
450
450
448
452
453
451
453
447
448
440
455
456
458
458
464
461
464
464
471
468
465
457
464
468
471
469
471
468
468
492
472
472
473
475
475
479
476
476
503
472
491
482
474
483
502
485
482
486
506
481
478
493
499
483
492
498
508
490
508
496
494
511
503
507
505
513
508
509
549
509
510
521
511
511
499
512
498
527
514
514
524
515
532
531
521
521
520
520
522
539
535
561
528
543
530
531
532
533
517
555
534
536
537
553
527
528
539
493
540
540
541
558
542
542
542
541
549
543
568
545
566
537
551
588
553
555
554
576
538
652
513
561
541
558
564
585
586
566
599
568
565
570
571
543
588
617
577
578
585
606
586
586
586
586
586
576
587
500
594
518
610
595
598
573
553
567
602
610
601
619
609
622
616
617
634
605
600
620
621
621
622
621
632
623
636
619
637
632
632
649
633
633
628
624
646
635
634
624
637
641
624
650
615
646
644
645
648
639
657
651
657
658
640
659
663
665
665
665
664
660
667
667
671
668
670
673
676
673
672
667
680
675
676
675
678
680
674
681
686
684
687
691
693
691
693
695
695
695
694
694
699
700
698
703
709
700
702
703
699
708
704
704
707
713
714
708
717
708
716
714
712
696
722
716
704
732
718
710
729
722
722
731
730
723
718
725
725
727
738
728
733
730
731
732
716
723
741
750
728
719
739
740
741
721
742
747
755
757
752
746
760
738
762
760
753
765
757
767
755
756
760
761
761
762
774
758
763
763
769
761
766
767
782
781
767
769
770
772
774
774
790
762
776
782
794
765
760
785
798
790
772
801
792
794
816
793
796
798
790
790
810
804
801
801
812
803
853
804
799
805
810
806
835
811
824
813
814
814
798
815
816
831
819
820
824
834
822
824
799
822
819
850
826
827
827
841
831
812
830
832
851
822
853
834
837
840
856
855
841
842
838
838
860
940
822
842
925
828
869
869
871
871
874
783
874
856
857
860
843
880
881
881
877
845
867
868
885
869
867
867
850
870
870
852
853
804
872
873
866
870
856
875
879
864
864
900
931
882
882
884
885
871
886
889
890
890
892
894
897
874
898
921
897
905
901
903
903
928
866
906
900
932
914
935
911
907
908
912
921
898
899
922
942
863
925
940
926
927
903
931
926
929
929
915
930
906
947
948
932
933
933
937
865
942
923
940
943
943
969
969
970
946
948
974
949
971
1005
956
952
979
957
982
983
1014
907
995
968
968
988
1030
969
969
969
944
1010
1027
970
945
971
1000
1038
950
997
975
976
1009
951
978
979
951
981
982
981
978
958
1513
962
981
1015
1015
1060
1065
983
961
984
1021
1027
985
1072
982
1030
989
994
969
1027
998
973
999
1080
1000
995
975
996
1043
1088
1045
976
976
1011
1012
983
1017
1025
1018
1018
1018
1056
983
1019
1055
1062
1022
965
1047
1025
1065
1065
1043
970
1079
985
1048
1119
989
1028
989
1026
1029
1034
1034
1081
1000
927
1038
1043
1043
1043
1087
1092
1045
1045
1003
1046
1018
1051
1018
1211
1096
1052
1099
1056
959
1055
1059
1024
1060
1020
981
1062
1110
1063
1064
969
1163
1108
988
1066
1066
1069
1071
1119
1074
1078
1077
1078
1125
1074
1124
1038
1002
1082
1084
1002
1086
1087
1087
1042
1044
1087
1088
1088
1054
1086
1089
1142
1132
1091
1148
1158
1052
1097
1210
1099
1151
1092
1100
1109
1063
1134
1112
1112
1112
1113
1107
1113
1065
1021
1072
1114
1115
1170
1185
1118
1118
1116
1119
1028
987
1120
1121
1180
1121
1121
1124
1125
1169
1127
1191
1127
1125
1113
1234
1088
1086
1192
1137
1134
1195
1141
1142
1144
1144
1096
1200
1146
1093
1148
1147
1207
1150
1264
1199
1152
1213
1156
1151
1159
1186
1216
1164
1167
1168
1170
1027
1117
1171
1174
1180
1180
1122
1179
1230
1162
1222
1192
1189
1189
1137
1236
1237
1193
1193
1194
1194
1203
1195
1196
1138
1197
1250
1246
1250
1145
1186
1254
1208
1147
1266
1209
1259
1211
1096
1262
1212
1213
1264
1271
1214
1113
1113
1217
1272
1219
1271
1231
1228
1231
1279
1232
1279
1280
1281
1233
1216
1216
1234
1187
1126
1297
1238
1239
1239
1240
1246
1245
1242
1247
1296
1197
1204
1251
1252
1254
1253
1253
1211
1255
1307
1048
1309
1260
1260
1153
1262
1311
1203
1223
1276
1151
1098
1265
1320
1323
1321
1282
1271
1273
1376
1258
1329
1277
1183
1232
1220
1280
1330
1280
1280
1233
1275
1342
1281
1282
1308
1286
1287
1287
1130
1413
1291
1294
1294
1296
1352
1424
1285
1249
1298
1301
1304
1302
1304
1305
1305
1259
1260
1300
1367
1307
1300
1308
1309
1314
1262
1263
1310
1385
1314
1218
1317
1380
1319
1257
1115
1321
1385
1269
1323
1322
1389
1388
1324
1389
1327
1273
1396
1379
1329
1329
1400
1355
1330
1332
1280
1335
1335
1343
1410
1340
1281
1354
1343
1346
1353
1348
1288
1297
1349
1418
1346
1404
1354
1354
1354
1356
1346
1308
1355
1327
1359
1305
1364
1431
1366
1367
1435
1367
1368
1370
1439
1372
1438
1423
1444
1373
1387
1375
1356
1378
1380
1317
1322
1325
1381
1384
1383
1453
1385
1385
1383
1461
1447
1389
1323
1466
1390
1392
1392
1379
1394
1274
1396
1399
1396
1406
1398
1329
1400
1478
1399
1402
1404
1332
1405
1484
1411
1407
1407
1337
1485
1348
1348
1412
1414
1494
1414
1415
1498
1418
1413
1420
1421
1502
1354
1427
1505
1478
1365
1429
1432
1425
1433
1435
1513
1514
1426
1516
1437
1439
1369
1372
1438
1441
1442
1516
1443
1443
1327
1489
1376
1448
1455
1534
1445
1534
1447
1537
1535
1461
1460
1461
1463
1324
1468
1395
1472
1475
1474
1549
1542
1502
1552
1476
1477
1554
1480
1484
1484
1464
1472
1558
1403
1562
1563
1489
1489
1485
1491
1571
1416
1491
1494
1497
1497
1574
1500
1502
1354
1307
1425
1583
1504
1505
1583
1505
1501
1506
1506
1512
1511
1585
1512
1567
1510
1434
1513
1513
1597
1435
1599
1511
1515
1516
1601
1605
1517
1521
1520
1522
1524
1526
1527
1373
1530
1609
1532
1532
1456
1532
1325
1535
1536
1622
1549
1539
1542
1544
1544
1628
1626
1546
1546
1547
1548
1549
1635
1478
1550
1551
1551
1478
1464
1553
1643
1551
1556
1646
1485
1560
1644
1562
1563
1487
1653
1485
1656
1656
1579
1505
1572
1574
1417
1504
1604
1580
1582
1583
1582
1573
1586
1585
1671
1510
1673
1590
1675
1591
1592
1595
1597
1597
1597
1514
1680
1599
1513
1442
1601
1602
1420
1691
1691
1617
1605
1605
1531
1606
1610
1698
1612
1613
1684
1614
1599
1616
1620
1623
1623
1622
1459
1622
1554
1632
1625
1628
1628
1396
1717
1629
1719
1635
1635
1526
1634
1636
1639
1643
1727
1643
1636
1562
1644
1646
1649
1561
1647
1653
1650
1738
1653
1650
1741
1655
1745
1565
1745
1568
1655
1748
1657
1658
1660
1659
1665
1663
1598
1665
1512
1667
1669
1671
1671
1761
1672
1764
1675
1723
1675
1675
1590
1672
1678
1683
1665
1774
1690
1776
1604
1685
1692
1692
1780
1694
1612
1695
1698
1614
1697
1701
1702
1706
1621
1707
1709
1711
1712
1796
1717
1798
1719
1718
1719
1717
1803
1720
1725
1727
1726
1817
1640
1656
1729
1730
1558
1733
1734
1736
1810
1738
1738
1729
1739
1822
1494
1655
1743
1745
1741
1588
1829
1748
1657
1663
1833
1753
1755
1757
1762
1673
1764
1764
1748
1766
1767
1774
1845
1775
1776
1803
1693
1780
1781
1784
1792
1775
1850
1796
1796
1858
1798
1797
1798
1545
1705
1863
1803
1866
1796
1804
1805
1804
1807
1808
1873
1809
1876
1877
1877
1814
1865
1813
1822
1882
1741
1603
1823
1829
1829
1746
1826
1830
1833
1751
1834
1834
1845
1898
1841
1841
1845
1845
1901
1901
1856
1848
1849
1851
1914
1852
1852
1853
1855
1855
1912
1856
1905
1857
1858
1918
1862
1864
1822
1865
1866
1866
1868
1803
1879
1869
1873
1873
1873
1932
1873
1873
1873
1937
1937
1874
1875
1726
1812
1945
1737
1808
1945
1882
1882
1822
1933
1921
9999
1887
1889
1888
1889
1956
2125
1894
1891
1895
1896
1836
1902
1899
1901
1901
1902
1968
1895
1847
1903
1904
1906
1784
1976
1972
1952
1856
1714
1915
1981
1916
1918
1918
1916
1979
1995
1923
1884
1924
1928
1873
1929
1995
1990
1927
1998
1934
1881
1935
1936
1820
1873
2003
1941
1996
1983
1881
1941
1947
1949
1950
1950
1951
1954
1956
1955
1956
2018
1832
1977
1961
1961
1963
1963
1693
1968
2029
2025
1969
1974
1929
1975
1976
1910
1913
1885
1980
1981
1915
1996
1985
2148
1987
2163
1989
1995
1990
2050
1994
1991
1932
1989
2054
2032
1875
1996
1997
1933
1935
1999
2004
2063
2006
2007
2008
2011
2068
2081
2010
2013
2015
2073
2016
2018
2077
2078
2019
2131
2075
2024
2024
2025
2083
1968
2352
2135
2033
2038
2038
2091
2039
2040
2043
2094
2086
2090
2045
2101
1990
2101
2052
2098
2053
2105
1983
2234
2056
2059
1942
2061
2063
2062
2073
2064
2068
2117
2067
2055
2071
2178
2072
2073
1958
2184
2074
2076
1957
2019
2022
2132
2080
2094
2186
2028
2575
1907
2193
2118
2141
2090
2091
2091
1921
2145
2146
2095
2149
2096
2090
2097
2012
2098
2099
2049
2101
2157
2054
2282
2098
2103
2104
2160
2107
2107
2105
2107
2171
2171
2117
2227
2113
2114
2126
2157
2069
2012
2180
1890
2125
2126
2128
2128
2119
2157
2184
2079
2188
2133
1988
2032
2135
2197
2137
2087
2137
2194
2138
2194
2140
2014
2141
2208
2145
2043
2140
2143
2043
2146
2121
2147
2326
2040
2150
2216
2216
2158
2054
2118
2220
2219
2219
2161
2113
2045
2162
2164
2169
2109
2225
2168
2226
2160
2172
2175
2176
2121
2070
2180
2237
2058
2185
2242
2125
2185
2134
2314
2187
2188
2190
2023
2155
2135
2195
2250
2138
2197
2135
2199
2199
2201
2145
2207
2258
2146
2209
2268
2212
2275
2209
2202
2204
2213
2215
2281
2216
2213
2214
2186
2217
2280
2086
2156
2286
2221
2222
2222
2208
2224
2171
2168
2285
2230
2231
2298
2234
2236
2184
2426
2237
2240
2238
2303
2242
2243
2242
2246
2301
2084
2301
2246
2302
2244
2316
2250
2322
2191
2139
2255
2252
2256
2264
2266
2203
2325
2267
2267
2268
2267
2470
2357
2212
2275
2272
2252
2254
2330
2562
2345
2269
2275
2274
2274
2277
2343
2281
2270
2351
2159
2097
2286
2348
2351
2292
2291
2318
2232
2299
2299
2424
2361
2295
2295
2363
2284
2370
2300
2303
2236
2246
2130
2244
2307
2307
2375
2308
2442
2310
2312
2313
2383
2245
2380
2337
2323
2260
2384
2294
2269
2320
2320
2326
2393
2211
2396
2212
2333
2329
2335
2337
2338
2282
2339
2275
2275
2344
2340
2408
2345
2411
2399
2350
2349
2107
2415
2089
2348
2418
2356
2485
2359
2361
2361
2406
2421
2322
2362
2299
2299
2362
2365
2365
2433
2434
2370
2373
2437
2375
2439
2308
2376
2482
2443
2378
2381
2446
2444
2316
2384
2450
2385
2452
2384
2387
2390
2458
2220
2392
2393
2462
2395
2467
2399
2220
2400
2299
2364
2402
2404
2533
2471
2423
2401
2409
2410
2732
2412
2475
2399
2416
2418
2416
2417
2353
2482
2492
2423
2361
2360
2424
2425
2490
2540
2432
2433
2366
2433
2375
2434
2502
2300
2436
2451
2437
2428
2438
2439
2431
2440
2510
2374
2385
2514
2514
2446
2517
2370
2447
2445
2448
2325
2522
2452
2450
2452
2393
2525
2456
2524
2394
2460
2461
2532
2471
2469
2534
2470
2471
2405
2454
2455
2472
2472
2474
2476
2542
2347
2548
2415
2292
2478
2555
2480
2356
2555
2481
2420
2484
2482
2486
2299
2561
2492
2486
2486
2580
2495
2500
2434
2437
2496
2503
2499
2504
2576
2571
2443
2441
2444
2570
2505
2515
2247
2517
2583
2566
2519
2516
2520
2522
2517
2524
2509
2586
2594
2377
2376
2587
2453
2600
2529
2529
2603
2330
2331
2408
2536
2536
2609
2476
2475
2546
2614
2615
2548
2548
2548
2544
2551
2478
2621
2553
2554
2555
2552
2624
2526
2559
2629
2607
2561
2564
2493
2567
2508
2567
2637
2570
2569
2572
2566
2574
2643
2510
2513
2567
2581
2584
2518
2585
2586
2653
2655
2590
2655
2591
2657
2594
2595
2768
2598
2657
2600
2664
2527
2603
2602
2600
2531
2499
2671
2608
2609
2609
2541
2338
2610
2613
2545
2676
2612
2616
2682
2554
2555
2746
2626
2339
2686
2629
2620
2630
2684
2632
2586
2635
2635
2636
2637
2699
2643
2638
2643
2641
2632
2706
2707
2650
2598
2651
2652
2519
2606
2655
2655
2520
2600
2656
2657
2592
2662
2722
2651
2664
2663
2725
2648
2665
2668
2607
2669
2671
2669
2621
2674
2678
2727
2679
2870
2682
2728
2666
2684
2685
2627
2695
2689
2693
2704
2631
3050
2695
2637
2646
2698
2700
2755
2758
2702
2706
2707
2575
2762
2705
2695
2766
2713
2662
2717
2718
2722
2660
2720
2723
2724
2725
2777
2726
2827
2710
2710
2782
2546
2683
2736
2476
2734
2737
2737
2790
2899
2680
2742
2623
2744
2686
2691
2758
2800
2752
2756
2699
2752
2757
2757
2806
2758
2808
2761
2763
2811
2725
2777
2766
2743
2767
2526
2768
2772
2768
2768
2775
2777
2863
2777
2826
2863
2782
2727
2747
2783
2785
2790
2787
2880
2739
2785
2838
2794
2795
2795
2842
2798
2798
2708
2799
2749
2852
2806
2799
2804
2781
2807
2854
2892
2810
2811
2828
2766
2813
2810
2816
2839
2810
2825
2826
2826
2744
2868
2945
2835
2835
2791
2836
2838
2854
2839
2842
2873
2911
2762
2882
2881
2803
2848
2850
2848
2886
2808
2848
2853
2890
2855
2856
2824
2862
2897
2894
2934
2865
2779
2726
2869
2865
2870
2916
2871
2876
2973
2890
2879
2879
2913
2882
2916
2907
2883
2881
2885
2888
2888
2863
2889
2835
2891
2926
2855
2892
2929
2894
2929
2824
2895
2896
2897
2896
2897
2894
2898
2925
2902
2901
2903
2906
2913
2906
2902
2958
2907
2876
2739
2741
2909
2910
2910
2911
2835
2948
2955
2915
2962
2951
2915
2916
2967
2921
2926
2923
2925
2985
2926
2926
2926
2919
2921
2919
2927
2790
2931
2931
2931
3006
3002
2791
2781
2940
2990
2939
2941
2906
2906
2951
2870
2909
2949
2956
2953
2958
2999
3001
2984
2960
2961
2847
2963
3035
2970
2965
2970
2973
2909
2848
2983
2894
3008
2978
2984
2987
2935
2984
2985
2991
2995
2958
3025
2996
3027
2999
3030
3022
3031
2959
3004
3006
3034
3005
2985
3024
3007
3010
3015
3042
3043
3010
2976
3016
3025
3018
3050
3041
3023
3025
3034
3025
3056
3057
3000
3026
3027
3027
3021
3062
2992
3064
3029
3066
3031
3031
3038
3032
3006
2982
2858
3074
3072
3038
3039
3042
3011
3012
3079
3043
3043
3039
3085
3083
3048
3077
3022
3051
3053
3054
3055
3094
2999
3090
3060
3098
3062
3100
3049
3000
3063
3064
3030
3106
3066
3066
3029
3111
3111
3069
3113
3074
3035
3103
3075
3054
3076
3078
3017
3079
3081
3088
3082
3126
3047
3085
3085
3047
3086
3088
3133
3134
3094
3094
2991
3060
3095
3096
3142
3142
3062
3061
3140
3100
3100
3150
3101
3102
3104
3070
3105
3106
3066
3156
3160
3108
3107
3158
3110
3063
3113
3067
3200
3075
3116
3166
3117
3126
3084
3120
3131
3133
3134
3098
3181
3134
3093
3139
3141
3028
3098
3099
3145
3186
3148
3107
3106
3155
3156
3156
3171
3157
3158
3196
3146
3109
3164
3116
3110
3168
3166
3168
3164
3200
3170
3170
3209
3171
3173
3131
3175
3176
3222
3179
3098
3182
3184
3220
3186
3222
3186
3187
3188
3190
3199
3191
3192
3193
3194
3196
3196
3160
3196
3237
3232
3204
3165
3165
3203
3297
3243
3208
3209
3248
3191
3210
3213
3177
3214
3215
3216
3254
3186
3218
3226
3222
3146
3212
3223
3225
3261
3226
3226
3224
3227
3270
3233
3236
3235
3199
3273
3238
3240
3281
3243
3206
3221
3244
3284
3170
3246
3250
3285
3220
3252
3257
3261
3262
3263
3263
3293
3209
3266
3268
3230
3267
3273
3273
3242
3274
3327
3276
3241
3246
3254
3275
3285
3310
3275
3286
3205
3292
3316
3313
3320
3293
3292
3263
3301
3301
3293
3290
3303
3327
3285
3293
3307
3311
3315
3333
3313
3309
3317
3317
3318
3317
3324
3317
3319
3319
3317
3320
3345
3346
3323
3348
3326
3327
3293
3353
3332
3354
3330
3334
3351
3334
3359
3339
3342
3358
3321
3325
3346
3346
3367
3347
3348
3348
3348
3347
3310
3349
3378
3329
3352
3352
3353
3353
3293
3354
3354
3380
3385
3359
3359
3388
3345
3361
3362
3366
3367
3391
3350
3368
3336
3370
3372
3357
3401
3375
3378
3381
3408
3382
3384
3408
3370
3337
3391
3388
3413
3416
3394
3414
3418
3394
3394
3366
3387
3398
3401
3399
3370
3412
3405
3343
3427
3385
3403
3432
3409
3410
3413
3436
3404
3414
3414
3387
3391
3417
3417
3393
3445
3440
3486
3409
3423
3432
3452
3451
3453
3458
3455
3420
3433
3490
3436
3436
3436
3413
3465
3439
3460
3439
3441
3435
3442
3447
3417
3419
3446
3447
3468
3476
3448
3449
3452
3480
3451
3481
3449
3429
3453
3453
3453
3488
3454
3455
3570
3424
3434
3441
3458
3459
3461
3465
3463
3500
3501
3467
3468
3507
3470
3470
3501
3509
3476
3476
3427
3498
3425
3478
3480
3450
3493
3478
3519
3482
3482
3478
3484
3421
3565
3488
3447
3485
3487
3560
3489
3454
3385
3534
3498
3499
3539
3475
3501
3501
3445
3445
3504
3476
3478
3508
3508
3548
3552
3511
3512
3549
3513
3614
3555
3517
3518
3519
3481
3556
3557
3525
3522
3524
3565
3487
3553
3528
3528
3571
3533
3534
3534
3537
3576
3576
3500
3504
3542
3543
3544
3545
3548
3536
3549
3549
3508
3514
3511
3555
3591
3523
3581
3604
3518
3559
3530
3521
3561
3562
3562
3563
3525
3525
3567
3572
3574
3572
3589
3642
3611
3574
3575
3575
3536
3576
3575
3570
3570
3578
3582
3586
3583
3618
3581
3587
3606
3663
3689
3591
3589
3632
3594
3594
3605
3605
3491
3457
3606
3607
3609
3494
3610
3645
3649
3611
3610
3610
3556
3613
3514
3614
3618
3554
3660
3620
3619
3623
3624
3614
3627
3627
3661
3666
3593
3628
3632
3633
3634
3633
3634
3635
3635
3674
3664
3610
3610
3641
3680
3643
3682
3677
3646
3650
3652
3652
3652
3693
3649
3654
3619
3657
3655
3588
3663
3628
3697
3664
3632
3700
3674
3725
3681
3673
3641
3676
3679
3641
3681
3710
3681
3644
3677
3714
3684
3687
3685
3718
3688
3693
3693
3722
3696
3697
3655
3698
3700
3671
3637
3731
3731
3721
3734
3703
3703
3707
3737
3709
3611
3711
3741
3745
3713
3698
3746
3701
3648
3719
3721
3722
3722
3685
3675
3710
3723
3702
3730
3760
3731
3739
3729
3726
3732
3733
3701
3735
3739
3733
3737
3751
3738
3741
3714
3714
3742
3743
3954
3778
3718
3760
3760
3702
3737
3765
3765
3765
3767
3772
3789
3775
3774
3772
3791
3758
3794
3779
3779
3780
3780
3796
3781
3782
3784
3785
3778
3786
3789
3773
3785
3787
3791
3793
3813
3791
3794
3795
3817
3796
3799
3779
3800
3822
3929
3803
3806
3809
3827
3810
3813
3813
3813
3832
3816
3817
3795
3817
3819
3822
3801
3804
3841
3824
3844
3844
3845
3809
3824
3829
3842
3832
3821
3833
3833
3838
3836
3857
3857
3837
3841
3840
3836
3842
3843
3826
3865
3827
3827
3845
3845
3832
3849
3849
3850
3851
3851
3877
3878
3875
3852
3897
3860
3865
3844
3883
3865
3861
3867
3870
3868
3890
3836
3875
3876
3907
3856
3875
3888
3881
3863
3897
3883
3884
3895
3885
3905
3886
3889
3890
3872
3891
3911
3852
3894
3895
3965
3903
3917
3900
3882
3880
3967
3905
3922
3904
3905
3926
3894
3928
3911
3911
3894
3909
3896
3909
3935
3915
3916
3880
3939
3917
3918
3923
3922
3906
3926
3946
3910
3916
3928
3928
3926
3916
3929
3954
3932
3935
3935
3983
3823
3934
3936
3939
3938
3938
3965
3932
3940
3946
3946
3942
3941
3944
3967
3947
3718
3951
3950
3952
3980
3950
3950
3956
3983
3979
3985
3964
3965
3965
3965
3956
3957
3987
3968
3969
3998
3969
3971
3998
3926
4008
3973
3976
3979
3777
3981
3981
3956
3982
3983
4008
4003
3984
3985
3985
3931
3987
3987
3989
3988
3989
3992
3992
4049
3967
3993
3995
3969
3970
3999
4076
4026
4032
4038
3913
4004
3958
4014
4000
4005
4010
4010
4003
4042
4011
4013
4021
3991
4022
4003
4044
4027
3995
4029
4031
4032
4032
4032
4032
4054
4018
4033
4033
4047
4039
4043
4095
4008
4044
3972
4047
4071
4023
4048
4050
4050
4054
4076
4016
4059
4059
4056
4082
4064
4087
4066
4042
4025
4064
4069
4071
4077
4072
4077
4106
4063
4078
4082
4080
4064
4083
4084
4066
4083
4092
4092
4116
4066
4097
4113
4099
4097
4156
4103
4105
4104
4109
4117
4102
4113
4116
4115
4104
4123
4094
4058
4117
4121
4123
4123
4117
4127
4132
4133
4134
4137
4135
4135
4137
4135
4142
4143
4129
4143
4130
4152
4144
4144
4147
4148
4150
4146
4152
4150
4145
4145
4158
4155
4156
4156
4155
4161
4159
4161
4160
4165
4155
4167
4166
4169
4167
4162
4168
4169
4167
4170
4170
4180
4179
4178
4172
4174
4182
4187
4182
4180
4182
4187
4187
4187
4187
4185
4191
4188
4188
4168
4189
4197
4194
4194
4192
4183
4195
4197
4196
4209
4198
4194
4204
4204
4204
4200
4206
4208
4214
4205
4225
4211
4214
4211
4208
4215
4210
4218
4221
4216
4218
4227
4224
4223
4224
4226
4227
4227
4227
4233
4225
4229
4231
4226
4232
4246
4229
4236
4239
4235
4245
4243
4246
4241
4252
4248
4247
4251
4251
4258
4255
4259
4253
4259
4259
4285
4259
4263
4265
4265
4266
4272
4279
4275
4282
4282
4285
4281
4289
4276
4278
4280
4285
4275
4263
4316
4285
4291
4286
4283
4287
4288
4291
4289
4295
4292
4293
4301
4303
4296
4303
4299
4311
4305
4306
4312
4309
4305
4308
4318
4316
4326
4325
4301
4321
4318
4321
4331
4324
4323
4326
4329
4326
4320
4239
4311
4327
4324
4327
4330
4326
4327
4330
4330
4330
4331
4336
4332
4332
4334
4336
4332
4336
4337
4339
4339
4339
4339
4341
4347
4343
4345
4347
4341
4347
4353
4356
4353
4419
4359
4351
4360
4359
4358
4360
4360
4363
4366
4361
4362
4362
4366
4362
4362
4369
4361
4372
4363
4364
4368
4372
4367
4369
4374
4376
4374
4375
4390
4375
4384
4378
4367
4379
4380
4387
4375
4392
4377
4386
4377
4389
4419
4385
4400
4392
4384
4393
4383
4404
4399
4391
4397
4406
4402
4403
4403
4404
4414
4413
4399
4405
4408
4404
4417
4409
4413
4432
4399
4419
4419
4416
4403
4397
4410
4422
4435
4432
4404
4434
4460
4428
4437
4438
4432
4422
4422
4431
4433
4445
4441
4450
4437
4437
4434
4466
4422
4438
4438
4438
4431
4437
4438
4439
4431
4442
4441
4440
4461
4444
4459
4446
4437
4466
4450
4452
4446
4451
4454
4458
4478
4465
4459
4469
4463
4461
4463
4463
4444
4465
4485
4450
4530
4502
4471
4448
4468
4492
4470
4513
4431
4436
4471
4474
4475
4475
4478
4475
4456
4481
4482
4465
4481
4510
4485
4485
4482
4501
4523
4557
4520
4492
4471
4493
4495
4499
4496
4499
4518
4501
4513
4484
4508
4510
4512
4512
4512
4494
4562
4537
4488
4489
4515
4513
4494
4537
4518
4515
4490
4525
4527
4547
4548
4549
4541
4534
4575
4540
4557
4536
4536
4471
4552
4546
4487
4452
4561
4570
4563
4553
4562
4541
4544
4560
4561
4536
4558
4577
4563
4563
4565
4540
4575
4570
4568
4580
4533
4540
4572
4567
4574
4586
4580
4577
4589
4578
4578
4579
4611
4586
4587
4551
4595
4539
4588
4589
4576
4588
4588
4604
4595
4583
4597
4625
4600
4602
4604
4603
4604
4601
4601
4622
4605
4608
4606
4611
4627
4631
4615
4616
4623
4619
4628
4611
4635
4594
4624
4635
4608
4624
4626
4627
4627
4628
4621
4621
4629
4630
4643
4591
4645
4635
4644
4636
4640
4646
4642
4643
4616
4645
4645
4632
4657
4646
4646
4637
4648
4662
4653
4710
4665
4657
4631
4668
4659
4662
4671
4650
4657
4674
4666
4676
4671
4655
4667
4665
4672
4678
4687
4676
4675
4687
4674
4683
4692
4690
4677
4674
4679
4682
4689
4684
4676
4686
4686
4697
4703
4688
4694
4690
4690
4749
4691
4654
4693
4701
4680
4695
4696
4715
4709
4699
4700
4677
4718
4742
4738
4706
4706
4707
4683
4726
4696
4728
4714
4698
4718
4719
4719
4701
4733
4720
4720
4746
4726
4664
4712
4723
4728
4728
4728
4738
4731
4733
4709
4731
4752
4735
4738
4721
4668
4740
4745
4721
4759
4751
4759
4747
4753
4722
4756
4776
4755
4760
4760
4735
4761
4761
4763
4773
4763
4778
4769
4782
4765
4774
4775
4775
4816
4766
4760
4777
4780
4785
4773
4786
4787
4787
4776
4794
4789
4811
4789
4793
4790
4787
4791
4801
4792
4793
4794
4813
4788
4789
4790
4793
4854
4798
4813
4802
4800
4802
4812
4806
4823
4823
4808
4794
4810
4824
4806
4813
4813
4799
4806
4809
4815
4817
4833
4836
4862
4821
4856
4823
4839
4806
4824
4824
4842
4825
4829
4828
4830
4831
4833
4817
4832
4834
4834
4819
4884
4867
4839
4838
4806
4841
4843
4850
4862
4857
4847
4853
4854
4796
4791
4855
4868
4820
4877
4835
4846
4863
4864
4875
4837
4821
4871
4884
4862
4885
4883
4874
4874
4888
4878
4900
4880
4892
4872
4874
4873
4895
4888
4889
4878
4912
4890
4902
4914
4892
4892
4906
4907
4893
4965
4887
4895
4896
4912
4902
4866
4903
4903
4909
4904
4906
4907
4887
4882
4959
4909
4905
4900
4894
4911
4928
4890
4890
4913
4914
4892
4917
4931
4917
4915
4918
4924
4917
4925
4930
4920
5010
4935
4937
4937
4933
4951
4941
4943
4956
4944
4956
4957
4942
4960
4954
4954
4943
4956
4951
4972
4957
4957
4957
4952
4953
4958
4924
4965
4960
4963
4965
4989
4973
4967
4965
4909
4909
4968
4973
4973
4973
4969
4974
4997
4978
4983
4980
4993
4984
4984
4996
4987
4990
4998
4989
4992
4985
5001
4983
4995
4995
4995
5011
4996
4996
4995
4997
5014
5014
4999
5000
5017
5003
4993
5004
5021
5007
5020
4995
4948
5012
5013
4977
5013
5003
5015
5017
5018
5018
5008
5020
5020
5021
5021
5004
5049
5023
5035
5027
5030
5008
5028
5035
5050
5023
5043
5042
5052
5036
5091
5044
5065
5041
5046
5043
5050
5053
5059
5053
5054
5057
5058
5063
5059
5070
5064
5041
5065
5074
5066
5051
5073
5070
5084
5074
5077
5066
5067
5064
5078
5079
5071
5080
5086
5083
5092
5091
5089
5090
5093
5095
5098
5098
5098
5100
5096
5096
5106
5100
5098
5106
5103
5106
5103
5099
5113
5111
5114
5113
5113
5111
5111
5129
5118
5118
5121
5123
5119
5123
5129
5127
5094
5130
5129
5132
5133
5134
5133
5134
5131
5134
5256
5144
5144
5169
5148
5144
5146
5165
5180
5153
5146
5159
5157
5161
5180
5175
5153
5166
5179
5167
5179
5168
5159
5174
5176
5184
5176
5163
5167
5186
5185
5173
5183
5178
5186
5153
5177
5181
5198
5182
5145
5185
5235
5183
5187
5199
5190
5201
5193
5197
5224
5212
5205
5200
5218
5224
5206
5224
5207
5204
5225
5216
5210
5234
5256
5186
5204
5223
5225
5207
5219
5238
5223
5247
5253
5254
5231
5236
5281
5233
5256
5226
5197
5254
5225
5240
5229
5261
5240
5243
5254
5187
5254
5232
5255
5216
5139
5245
5137
5230
5257
5283
5259
5262
5285
5289
5295
5323
5273
5267
5259
5244
5269
5272
5306
5275
5309
5279
5280
5283
5282
5278
5279
5313
5287
5314
5291
5319
5321
5294
5259
5280
5335
5310
5293
5309
5323
5304
5283
5329
5305
5331
5296
5273
5278
5316
5336
5309
5309
5336
5337
5313
5339
5313
5320
5344
5288
5313
5345
5323
5323
5347
5347
5299
5301
5325
5308
5311
5335
5312
5324
5324
5327
5322
5297
5318
5349
5328
5362
5353
5343
5334
5360
5345
5340
5341
5361
5347
5346
5255
5318
5313
5354
5336
5356
5340
5367
5352
5352
5350
5365
5353
5366
5345
5352
5369
5356
5370
5357
5370
5365
5354
5372
5365
5363
5364
5378
5382
5347
5359
5381
5379
5361
5355
5371
5396
5375
5374
5387
5379
5350
5394
5357
5361
5371
5372
5389
5385
5385
5399
5389
5390
5403
5384
5418
5409
5377
5402
5462
5397
5402
5401
5395
5401
5415
5419
5403
5407
5404
5420
5396
5404
5411
5409
5410
5423
5417
5429
5409
5420
5421
5432
5451
5434
5398
5411
5424
5421
5424
5439
5426
5441
5428
5429
5444
5431
5445
5419
5442
5422
5428
5435
5451
5455
5457
5441
5448
5445
5467
5451
5473
5471
5440
5439
5444
5454
5458
5458
5452
5474
5460
5480
5482
5471
5471
5472
5492
5470
5494
5473
5494
5449
5495
5387
5385
5465
5472
5479
5466
5480
5503
5538
5483
5491
5491
5485
5488
5491
5515
5497
5523
5524
5509
5498
5499
5529
5505
5536
5485
5512
5540
5497
5504
5541
5514
5490
5542
5521
5521
5510
5551
5522
5552
5525
5514
5553
5479
5528
5508
5523
5529
5501
5528
5513
5552
5525
5513
5516
5532
5529
5561
5534
5554
5562
5548
5546
5570
5570
5549
5553
5553
5576
5578
5556
5580
5539
5546
5584
5560
5585
5561
5586
5561
5559
5565
5589
5540
5561
5555
5544
5568
5563
5550
5572
5591
5559
5565
5592
5593
5569
5597
5580
5597
5571
5611
5582
5614
5615
5553
5566
5562
5574
5570
5567
5595
5598
5600
5627
5600
5600
5586
5584
5597
5618
5630
5609
5617
5638
5615
5613
5652
5618
5653
5619
5653
5622
5622
5623
5660
5589
5598
5617
5600
5622
5643
5646
5629
5631
5630
5625
5632
5630
5680
5639
5635
5636
5686
5641
5690
5642
5691
5692
5679
5606
5619
5666
5625
5806
5630
5720
5668
5725
5672
5727
5729
5674
5692
5682
5682
5678
5657
5645
5734
5684
5741
5685
5741
5692
5696
5751
5696
5711
5754
5700
5756
5696
5764
5710
5709
5699
5766
5711
5665
5713
5767
5682
5633
5766
5659
5676
5689
5786
5707
5740
5734
5725
5725
5719
5717
5715
5713
5682
5784
5727
5728
5785
5785
5786
5732
5730
5733
5781
5710
5652
5702
5787
5746
5734
5743
5747
5797
5797
5748
5751
5802
5758
5755
5757
5754
5806
5759
5807
5808
5715
5763
5767
5813
5786
5726
5817
5773
5776
5781
5824
5828
5781
5888
5833
5710
5811
5768
5786
5752
5754
5733
5730
5741
5799
5761
5758
5764
5797
5764
5811
5783
5772
5784
5786
5834
5787
5790
5787
5790
5791
5839
5839
5743
5797
5773
5754
5844
5843
5798
5798
5797
5806
5847
5850
5812
5805
5807
5920
5813
5810
5865
5869
5816
5814
5816
5869
5825
5822
5881
5826
5881
5886
5780
5714
5767
5838
5666
5796
5624
5789
5860
5831
5832
5889
5797
5896
5833
5839
5819
5849
5908
5841
5861
5909
5912
5854
5860
5861
5919
5839
5863
5802
5855
5896
5837
5799
5815
5827
5847
5830
5900
5797
5858
5841
5834
5881
5860
5850
5873
5869
5872
5923
5925
5873
5927
5874
5813
5936
5880
5884
5885
5896
5937
5943
5892
5894
5904
5952
5901
5904
5891
5954
5911
5907
5907
5957
5914
5912
5914
5911
5958
5920
5915
5962
5892
5921
5968
5923
5969
5870
5924
5924
5876
5924
5970
5927
5972
5921
5865
5929
5933
5948
5896
5939
5883
5924
5921
5904
5911
5914
5961
5928
5974
5936
5941
5933
5940
5991
5946
5946
5933
5904
5997
5949
6002
5950
6008
6015
5952
5952
5954
5954
5954
5941
6017
5957
5955
5957
5935
6022
5960
5958
6025
5969
6038
5971
5920
6040
6042
5938
5986
5951
5930
5954
6014
5979
5946
5937
6023
5958
5971
5973
5955
6043
5974
5958
5979
5983
6057
5987
5989
5983
6066
5952
6064
5973
5991
6031
5984
6074
6001
5997
6081
6021
5999
6071
6105
6049
6108
5977
6040
6033
6025
6031
6114
6127
6042
6053
6049
6134
6052
6141
6031
6037
6145
6063
6064
6154
6157
6067
6067
6034
6158
6160
6073
5996
6072
6162
6166
6081
6077
6081
6169
6082
6087
6175
6016
6032
6098
6021
6062
6032
6093
6049
6116
6113
6109
6086
6159
6090
6081
6178
6091
6179
6091
6094
6049
6185
6097
6186
6099
6102
6187
6101
6188
6189
6060
6095
6152
6190
6106
6115
6106
6120
6124
6193
6110
5997
6196
6206
6120
6117
6208
6126
6213
6128
6056
6215
6133
6219
6219
6138
6134
6148
6134
6152
6227
6153
6233
6235
6156
6153
6157
6237
6048
6109
6068
6113
6081
6170
6106
6095
6100
6098
6188
6271
6163
6112
6095
6213
6173
6127
6129
6216
6220
6198
6173
6165
6159
6173
6169
6160
6144
6156
6168
6246
6248
6254
6177
6185
6255
6260
6182
6189
6182
6187
6269
6270
6190
6191
6152
6118
6200
6128
6122
6135
6197
6167
6144
6279
6201
6281
6207
6206
6289
6291
6216
6223
6209
6305
6224
6305
6227
6227
6218
6221
6377
6310
6178
6189
6190
6258
6271
6191
6256
6198
6274
6254
6202
6229
6204
6300
6223
6228
6250
6312
6230
6312
6313
6236
6320
6240
6322
6324
6237
6321
6181
6245
6243
6245
6193
6248
6327
6242
6177
6223
6245
6207
6253
6226
6302
6250
6229
6229
6219
6231
6240
6294
6248
6337
6242
6242
6245
6351
6267
6252
6352
6354
6273
6356
6273
6271
6272
6357
6279
6364
6372
6288
6290
6374
6292
6293
6376
6338
6377
6257
6345
6265
6267
6378
6294
6299
6315
6296
6303
6396
6319
6315
6309
6404
6321
6301
6309
6406
6326
6326
6411
6333
6418
6263
6421
6294
6229
6263
6254
6273
6343
6287
6372
6424
6342
6378
6340
6284
6426
6324
6291
6426
6286
6428
6352
6346
6349
6350
6162
6433
6359
6439
6364
6357
6346
6444
6366
6445
6368
6369
6447
6449
6371
6452
6452
6375
6375
6455
6457
6311
6393
6384
6319
6384
6321
6336
6338
6382
6345
6296
6459
6382
6383
6388
6387
6467
6389
6468
6392
6470
6473
6393
6476
6394
6401
6482
6401
6485
6404
6406
6490
6491
6411
6386
6493
6418
6419
6502
6419
6503
6421
6413
6345
6423
6510
6424
6511
6275
6347
6505
6266
6429
6339
6351
6344
6368
6354
6355
6356
6374
6435
6383
6388
6385
6425
6462
6394
6408
6398
6459
6409
6459
6498
6351
6416
6395
6415
6454
6511
6517
6432
6442
6433
6442
6518
6440
6435
6519
6438
6442
6439
6444
6522
6352
6421
6468
6372
6416
6425
6516
6430
6411
6518
6445
6526
6533
6534
6436
6459
6540
6466
6457
6542
6463
6549
6552
6481
6555
6483
6478
6449
6560
6565
6489
6492
6565
6567
6570
6497
6571
6436
6463
6454
6457
6461
6536
6534
6623
6483
6478
6477
6485
6554
6545
6495
6572
6498
6513
6583
6500
6516
6514
6516
6593
6595
6517
6519
6520
6678
6608
6525
6524
6515
6611
6476
6540
6614
6529
6531
6619
6531
6505
6533
6534
6619
6538
6621
6539
6528
6623
6433
6616
6548
6468
6502
6665
6519
6583
6628
6520
6561
6546
6564
6561
6548
6629
6636
6555
6566
6555
6558
6642
6569
6654
6566
6651
6581
6579
6545
6583
6668
6586
6848
6672
6588
6542
6673
6591
6677
6591
6589
6677
6597
6510
6477
6527
6488
6527
6614
6531
6533
6534
6539
6617
6546
6598
6571
6633
6632
6530
6609
6582
6666
6597
6670
6671
6603
6683
6603
6698
6614
6708
6621
6624
6709
6626
6710
6629
6629
6629
6605
6712
6560
6581
6648
6636
6714
6637
6717
6648
6631
6640
6729
6644
6724
6653
6656
6652
6734
6662
6660
6660
6652
6738
6739
6663
6665
6583
6669
6587
6584
6601
6741
6591
6592
6677
6677
6547
6759
6678
6678
6761
6680
6679
6512
6765
6568
6708
6620
6624
6623
6688
6629
6688
6623
6648
6689
6715
6651
6656
6731
6714
6684
6775
6621
6686
6692
6789
6698
6794
6798
6800
6709
6706
6706
6800
6709
6804
6710
6713
6808
6649
6730
6664
6691
6722
6718
6715
6719
6722
6717
6819
6681
6767
6724
6827
6733
6728
6731
6732
6662
6690
6831
6832
6734
6831
6738
6736
6835
6750
6751
6847
6754
6680
6640
6812
6674
6678
6711
6805
6696
6707
6680
6705
6806
6720
6819
6728
6755
6826
6704
6776
6715
6757
6779
6737
6836
6739
6735
6823
6756
6854
6728
6798
6712
6777
6854
6758
6857
6762
6772
6781
6877
6878
6878
6789
6882
6789
6777
6886
6797
6886
6798
6801
6887
6887
6799
6809
6894
6812
6897
6997
6818
6819
6900
6733
6750
6824
6769
6863
6767
6768
6875
6784
6850
6795
6812
6842
6757
6837
6823
6902
6905
6828
6833
6907
6835
6802
6836
6818
6828
6917
6779
6869
6838
6795
6850
6926
6842
6841
6927
6938
6851
6757
6852
6855
6942
6942
6858
6947
6860
6951
6888
6874
6861
6952
6869
6954
6864
6827
6876
6964
6872
6969
6976
6884
6884
6878
6883
6879
6878
6874
6982
6887
6985
6735
6985
6992
6892
6892
6882
6992
6893
6993
6994
6895
6996
6897
6997
6898
6899
6819
6754
6916
6882
6830
6836
6892
6853
6843
6854
6941
6857
6946
6860
6929
6836
6862
6927
6919
6870
6868
6918
6974
6877
6890
6894
6854
6996
6898
6902
7009
6999
6786
6957
6888
6884
6840
6915
6874
6897
6896
6968
6902
7003
6933
6904
6903
6909
7003
7102
6912
6915
6929
7015
6922
6934
7018
6929
7029
6938
7030
7039
6942
6960
6955
7053
7061
6964
6965
7064
7064
6886
6988
6903
6981
7068
6983
6971
7069
6973
6977
6977
6900
7083
6992
6997
7095
7004
7008
7099
7005
7100
7102
7009
6912
6930
7018
7013
7107
7015
6963
7108
7016
7015
7012
7108
7021
7023
7111
7023
7017
7114
7024
6915
7031
7115
7116
7025
7026
7117
7027
7117
7032
7119
6980
6947
6900
6935
7058
6962
6936
7033
7024
6965
6963
7000
7065
7005
7058
7056
6982
7076
7015
7033
7110
7026
7026
7021
7033
7048
7030
7124
7001
7096
7037
7055
7020
7067
7042
7004
7098
7079
7068
7035
7023
7137
7042
7074
7141
7152
7052
7068
7056
7055
7154
7066
7068
7077
7168
7168
7071
7074
7071
7172
7077
7174
6979
7082
7079
7176
7080
7180
7085
7082
7087
7180
7093
7082
7187
7094
7190
7101
7198
7092
7198
7105
7200
7108
7107
7201
7110
7201
7016
7052
7127
7047
7036
7163
7161
7074
7161
7158
7058
7138
7070
7098
7152
7109
7143
7101
7117
7110
7156
7090
7210
7121
7125
7212
7123
7213
7082
7214
7130
7136
7138
7139
7222
7118
7224
7070
7112
7085
7118
7170
7121
7168
7138
7131
7165
7239
7102
7174
7151
7243
7245
7155
7153
7153
7251
7158
7167
7256
7171
7261
7175
7262
7177
7267
7179
7182
7269
7273
7185
7185
7185
7274
7187
7279
7190
7198
7190
7280
7192
7195
7286
7199
7199
7159
7287
7203
7292
7205
7292
7205
7293
7212
7210
7208
7296
7213
7212
7296
7214
7211
7206
7297
7218
7216
7298
7299
7220
7224
7164
7305
7133
7248
7239
7050
7071
7226
7164
7229
7237
7317
7318
7243
7244
7321
7247
7323
7225
7325
7327
7253
7256
7330
7255
7331
7256
7252
7251
7258
7332
7180
7167
7190
7212
7228
7193
7149
7180
7201
7180
7289
7199
7174
7213
7184
7278
7278
7277
7214
7300
7247
7227
7215
7264
7253
7259
7330
7198
7292
7238
7260
7221
7221
7255
7203
7346
7349
7269
7259
7350
7270
7292
7351
7277
7279
7363
7292
7282
7282
7367
7295
7298
7376
7296
7378
7298
7264
7379
7299
7381
7309
7301
7312
7388
7307
7314
7313
7311
7308
7250
7394
7315
7395
7316
7318
7395
7318
7399
7400
7321
7319
7321
7285
7258
7411
7266
7334
7334
7417
7336
7419
7339
7338
7342
7421
7214
7358
7256
7356
7289
7271
7284
7361
7284
7307
7292
7305
7373
7393
7318
7314
7316
7402
7327
7405
7380
7331
7412
7347
7353
7298
7353
7431
7431
7354
7371
7437
7443
7447
7369
7369
7348
7448
7368
7453
7373
7296
7379
7454
7379
7457
7392
7323
7400
7329
7353
7458
7460
7385
7460
7463
7383
7337
7395
7393
7466
7467
7384
7383
7402
7476
7476
7403
7425
7406
7476
7487
7420
7417
7491
7423
7493
7424
7393
7494
7426
7428
7427
7549
7339
7368
7357
7358
7371
7414
7403
7351
7428
7390
7441
7394
7382
7417
7414
7436
7395
7402
7467
7489
7427
7423
7428
7496
7364
7438
7411
7498
7435
7436
7440
7504
7510
7446
7445
7511
7518
7520
7455
7456
7452
7452
7520
7523
7457
7523
7458
7461
7462
7524
7524
7463
7368
7525
7527
7466
7463
7529
7474
7532
7534
7476
7537
7480
7476
7542
7542
7487
7489
7489
7485
7545
7545
7490
7492
7374
7445
7344
7425
7430
7547
7426
7494
7506
7450
7505
7440
7503
7458
7455
7501
7476
7439
7501
7508
7470
7461
7495
7462
7489
7478
7470
7482
7456
7537
7534
7486
7541
7556
7517
7498
7498
7560
7508
7505
7568
7518
7512
7578
7519
7580
7523
7520
7583
7492
7487
7588
7588
7527
7588
7528
7530
7590
7592
7474
7526
7594
7540
7534
7542
7596
7544
7502
7600
7547
7510
7604
7605
7550
7554
7616
7559
7561
7620
7541
7623
7566
7629
7567
7630
7510
7526
7570
7633
7603
7495
7505
7569
7530
7511
7516
7554
7573
7588
7523
7541
7531
7549
7619
7558
7627
7556
7565
7576
7529
7566
7569
7637
7571
7534
7643
7646
7648
7582
7581
7651
7594
7661
7595
7580
7586
7697
7664
7641
7576
7586
7594
7607
7594
7664
7574
7654
7598
7599
7665
7603
7670
7612
7679
7617
7685
7620
7602
7688
7631
7702
7639
7623
7626
7704
7644
7705
7646
7708
7708
7650
7650
7709
7641
7635
7609
7709
7665
7595
7595
7597
7735
7596
7712
7670
7660
7666
7666
7658
7668
7655
7620
7726
7672
7727
7677
7678
7678
7731
7680
7733
7681
7677
7734
7682
7655
7601
7736
7684
7689
7689
7694
7738
7691
7791
7740
7695
7695
7742
7697
7696
7569
7744
7641
7623
7643
7621
7700
7650
7682
7686
7651
7651
7681
7677
7673
7680
7723
7719
7703
7703
7703
7757
7707
7761
7708
7766
7711
7711
7711
7718
7712
7767
7712
7718
7723
7648
7771
7670
7777
7722
7722
7727
7727
7780
7780
7732
7729
7728
7729
7786
7790
7738
7736
7685
7739
7690
7689
7737
7695
7711
7799
7716
7769
7775
7722
7729
7760
7736
7739
7754
7738
7751
7720
7744
7795
7697
7792
7708
7699
7758
7725
7768
7802
7756
7808
7762
7814
7815
7768
7758
7749
7821
7779
7770
7833
7782
7782
7773
7837
7787
7787
7777
7779
7750
7793
7790
7789
7792
7847
7844
7796
7794
7851
7797
7796
7852
7803
7766
7859
7894
7739
7763
7807
7768
7828
7779
7813
7810
7813
7872
7874
7814
7872
7821
7878
7822
7806
7879
7829
7886
7778
7886
7831
7828
7886
7886
7832
7837
7891
7841
7842
7784
7740
7795
7803
7835
7802
7796
7818
7858
7821
7859
7855
7841
7831
7836
7845
7844
7844
7813
7863
7897
7860
7851
7816
7912
7830
7903
7861
7912
7851
7864
7915
7916
7867
7872
7922
7873
7923
7900
7924
7878
7843
7898
7940
7883
7886
7940
7943
7887
7880
7945
7892
7888
7885
7948
7896
7893
7951
7952
7878
7862
7852
7901
7869
7920
7825
7956
7902
7874
7865
7956
7903
7956
7907
7959
7907
7961
7909
7962
7911
7908
7936
7916
7968
7922
7919
7913
7822
7972
7924
7975
7987
7994
7874
7857
7882
7883
7882
7887
7946
7953
7905
7892
7935
7996
7902
7948
7940
7946
7996
7945
7905
8002
7941
7922
7896
7951
7947
8002
8006
7958
7962
8013
7961
7963
8016
7901
7938
7932
7914
7965
7982
7941
7960
7953
7954
8008
8022
7971
7968
7972
7966
7972
7970
7924
7910
8026
7973
7978
8026
7977
8033
7985
7842
7988
8038
7986
8044
7991
8040
7996
7972
8047
8000
7997
8048
8006
8003
8003
8053
8009
8006
8056
8063
8016
8015
8019
8068
7948
7998
7979
7975
8029
7994
8043
7996
8021
7967
8034
7994
8038
7998
8009
8051
8014
8023
8063
8025
8029
8052
8028
8083
8085
8004
8085
8034
8037
8040
8088
8038
8039
8088
8039
8040
8093
8044
8043
8049
8046
8092
8025
8058
8051
8013
8056
8110
8052
8103
8058
8115
8070
8126
8071
8090
8075
8131
8077
8022
8081
8132
8131
8033
8085
8084
8038
8084
8034
8040
8133
8087
8025
8086
8082
8138
8142
8144
8048
8159
8098
8098
8078
8098
8099
8161
8129
8060
8054
8077
8076
8119
8084
8115
8091
8096
8114
8100
8161
8087
8165
8102
8168
8020
8101
8110
8074
8108
8106
8064
8171
8114
8119
8178
8181
8182
8120
8132
8184
8126
8191
8127
8130
8193
8194
8132
8133
8195
8133
8141
8125
8203
8144
8206
8212
8120
8178
8177
8131
8132
8175
8132
8195
8073
8215
8197
8233
8168
8150
8159
8169
8136
8233
8141
8149
8235
8211
8169
8235
8238
8186
8177
8182
8187
8245
8247
8252
8192
8192
8193
8253
8254
8118
8256
8195
8114
8258
8259
8206
8199
8206
8198
8201
8267
8209
8270
8277
8122
8171
8169
8235
8223
8216
8284
8180
8224
8172
8218
8285
8227
8291
8228
8291
8229
8293
8231
8295
8295
8234
8297
8298
8224
8178
8159
8188
8179
8203
8252
8197
8206
8214
8259
8300
8302
8240
8243
8303
8241
8159
8305
8244
8310
8317
8250
8256
8319
8323
8303
8265
8331
8241
8264
8237
8331
8268
8331
8270
8268
8333
8333
8277
8274
8190
8278
8337
8121
8173
8272
8217
8218
8224
8229
8228
8232
8236
8260
8243
8237
8232
8241
8260
8280
8239
8253
8257
8267
8331
8323
8321
8338
8279
8294
8282
8285
8349
8350
8288
8342
8297
8368
8316
8320
8311
8314
8319
8319
8377
8378
8266
8327
8282
8338
8304
8380
8383
8325
8392
8277
8329
8330
8395
8396
8296
8398
8270
8336
8337
8322
8338
8338
8402
8406
8339
8408
8409
8346
8343
8341
8417
8417
8348
8347
8354
8350
8420
8356
8328
8359
8424
8360
8424
8358
8364
8426
8272
8392
8315
8423
8301
8333
8311
8329
8382
8335
8331
8374
8373
8336
8420
8401
8366
8366
8360
8363
8342
8429
8340
8380
8369
8433
8371
8435
8372
8372
8437
8348
8418
8446
8340
8396
8350
8439
8379
8451
8401
8409
8457
8459
8414
8419
8420
8464
8420
8464
8423
8425
8467
8471
8426
8471
8357
8428
8376
8333
8449
8443
8391
8363
8412
8441
8439
8420
8412
8465
8433
8526
8479
8436
8437
8480
8482
8444
8444
8397
8439
8478
8445
8537
8490
8447
8491
8448
8440
8441
8441
8411
8492
8451
8494
8452
8450
8495
8454
8455
8498
8498
8456
8422
8500
8510
8460
8460
8458
8461
8511
8462
8443
8517
8436
8517
8519
8472
8525
8526
8403
8470
8477
8477
8434
8463
8482
8430
8423
8480
8532
8483
8533
8486
8486
8445
8428
8429
8476
8488
8444
8446
8449
8448
8450
8451
8366
8453
8456
8459
8462
8464
8493
8486
8471
8497
8535
8552
8512
8566
8513
8572
8521
8521
8533
8573
8574
8522
8526
8575
8527
8527
8526
8578
8528
8578
8504
8476
8581
8483
8488
8539
8540
8571
8492
8532
8523
8525
8542
8518
8589
8589
8543
8555
8544
8555
8589
8547
8597
8556
8597
8559
8562
8598
8562
8563
8601
8601
8564
8563
8539
8602
8523
8573
8544
8544
8568
8573
8604
8569
8605
8576
8614
8616
8578
8618
8579
8580
8618
8582
8619
8619
8585
8620
8624
8587
8624
8591
8627
8592
8627
8593
8593
8586
8594
8628
8521
8542
8559
8559
8562
8565
8577
8569
8601
8571
8580
8583
8597
8590
8565
8598
8578
8640
8585
8613
8619
8634
8598
8604
8604
8586
8600
8645
8609
8646
8646
8611
8613
8615
8648
8651
8607
8593
8581
8660
8630
8626
8666
8633
8670
8670
8638
8674
8640
8633
8641
8674
8592
8625
8593
8618
8595
8609
8664
8626
8666
8634
8648
8672
8640
8646
8647
8677
8664
8637
8645
8645
8658
8646
8647
8680
8652
8657
8688
8683
8658
8664
8631
8653
8696
8698
8671
8674
8725
8708
8708
8685
8678
8675
8676
8709
8682
8681
8713
8683
8714
8687
8718
8689
8690
8693
8716
8692
8717
8666
8694
8697
8721
8699
8723
8703
8670
8675
8648
8677
8668
8677
8681
8712
8699
8715
8687
8713
8709
8715
8701
8691
8728
8731
8709
8734
8709
8711
8739
8704
8725
8705
8721
8714
8706
8741
8717
8716
8742
8657
8715
8763
8732
8722
8729
8723
8743
8751
8753
8735
8735
8756
8740
8761
8742
8741
8761
8715
8747
8749
8749
8749
8764
8764
8732
8736
8750
8738
8727
8751
8753
8754
8766
8747
8748
8760
8763
8750
8716
8759
8743
8755
8750
8744
8768
8772
8762
8775
8765
8779
8782
8762
8770
8784
8756
8769
8780
8763
8776
8766
8773
8790
8778
8793
8770
8774
8785
8803
8786
8817
8781
8769
8825
8796
8804
8802
8805
8788
8806
8796
8784
8818
8801
8816
8824
8790
8809
8795
8838
8813
8829
8829
8829
8817
8830
8814
8823
8836
8823
8822
8818
8836
8825
8808
8813
8790
8808
8792
8826
8800
8805
8823
8828
8826
8839
8830
8839
8834
8835
8845
8846
8826
8848
8826
8837
8829
8834
8842
8839
8839
8838
8848
8863
8847
8858
8862
8882
8842
8852
8867
8851
8855
8854
8868
8858
8872
8853
8877
8862
8849
8854
8880
8868
8869
8870
8883
8913
8874
8878
8880
8885
9029
8884
8892
8841
8850
8884
8884
8887
8875
8893
8902
8887
8896
8903
8875
8885
8911
8894
8884
8878
8890
8886
8902
8916
8921
8928
8910
8912
8931
8912
8906
8931
8914
8906
8920
8934
8915
8935
8961
8921
8942
8944
8956
8914
8910
8931
8915
8933
8959
8960
8936
8938
8938
9041
8913
8922
8923
8901
8904
8944
8945
8951
8931
8939
8949
8960
8975
8955
8979
8960
8958
8938
8948
8963
8988
8954
8971
8960
8963
8966
8995
8998
8967
8969
8970
8999
8951
9002
8967
8980
8975
9007
8979
9009
8984
9014
8989
9019
8994
8984
8971
9027
8995
9028
8984
8966
8999
8977
8992
9005
9003
9005
8999
9036
9039
9011
9010
9044
9012
9045
9047
9016
8972
9006
9048
9019
9053
9020
9054
9055
9028
9023
9062
9029
9025
9064
9031
9016
9064
9034
9040
9067
9076
9078
9000
8974
9008
8989
9022
9015
9050
9014
9043
9046
9085
9043
9081
9055
9055
9091
8879
8866
9114
9028
9031
9036
9068
9089
9058
9099
9053
9033
9070
9072
9062
9064
9070
9064
9107
9084
9068
9046
9082
9119
9119
9087
9120
9087
9122
9090
9123
9093
9124
9094
9097
9125
9100
9091
9104
9134
9104
9101
9061
9139
9106
9067
9106
9140
9112
9109
9145
9113
9113
9146
9146
9085
9079
9118
9120
9085
9094
9104
9122
9127
9094
9126
9116
9148
9088
9123
9123
9154
9155
9086
9132
9165
9132
9106
9166
9140
9138
9141
9170
9100
9060
9112
9113
9117
9151
9144
9160
9200
9163
9154
9154
9154
9143
9142
9146
9143
9186
9118
9135
9196
9164
9157
9156
9160
9136
9127
9200
9167
9167
9168
9200
9172
9171
9164
9164
9171
9168
9150
9166
9205
9172
9209
9176
9210
9177
9182
9212
9184
9186
9212
9214
9216
9190
9190
9193
9176
9221
9217
9165
9171
9210
9207
9180
9183
9201
9189
9208
9225
9206
9180
9229
9229
9189
9245
9211
9212
9210
9230
9216
9238
9218
9239
9219
9213
9241
9224
9224
9224
9224
9224
9224
9204
9202
9194
9225
9244
9226
9227
9231
9210
9208
9230
9232
9247
9195
9200
9215
9230
9235
9223
9241
9249
9239
9229
9240
9239
9248
9254
9240
9255
9245
9243
9247
9261
9262
9262
9250
9252
9241
9255
9253
9265
9236
9259
9248
9256
9316
9268
9255
9245
9273
9262
9263
9276
9233
9250
9271
9246
9262
9277
9313
9292
9273
9274
9294
9259
9296
9280
9299
9281
9287
9271
9293
9277
9274
9292
9278
9290
9298
9286
9293
9315
9322
9308
9307
9333
9309
9334
9314
9314
9338
9340
9316
9316
9334
9340
9298
9322
9320
9349
9323
9319
9349
9351
9326
9326
9330
9316
9356
9332
9358
9335
9360
9264
9277
9324
9312
9307
9314
9351
9327
9346
9338
9363
9344
9326
9370
9337
9326
9376
9340
9375
9376
9347
9376
9351
9379
9361
9396
9365
9359
9356
9353
9362
9400
9446
9370
9367
9376
9376
9378
9412
9415
9353
9368
9401
9415
9345
9387
9354
9387
9366
9399
9417
9383
9428
9380
9429
9391
9434
9402
9402
9399
9435
9407
9440
9392
9430
9398
9435
9370
9411
9400
9437
9444
9408
9441
9414
9446
9436
9425
9417
9425
9456
9430
9417
9457
9431
9424
9459
9432
9459
9435
9444
9461
9389
9419
9411
9462
9441
9438
9444
9463
9444
9411
9467
9446
9449
9441
9447
9453
9449
9467
9470
9452
9418
9485
9420
9439
9431
9430
9435
9453
9472
9473
9454
9456
9460
9477
9462
9428
9478
9480
9463
9463
9465
9467
9447
9468
9448
9469
9487
9383
9473
9459
9473
9462
9488
9409
9471
9453
9488
9472
9471
9489
9473
9485
9489
9483
9475
9477
9491
9498
9474
9466
9489
9491
9480
9504
9494
9495
9510
9483
9497
9512
9498
9487
9494
9516
9503
9500
9500
9501
9507
9518
9497
9510
9499
9517
9503
9511
9516
9530
9514
9529
9518
9531
9519
9509
9534
9521
9536
9517
9530
9520
9520
9526
9522
9532
9543
9518
9539
9538
9530
9523
9551
9528
9553
9538
9538
9544
9541
9540
9555
9546
9546
9545
9546
9543
9547
9556
9544
9553
9553
9556
9558
9556
9559
9555
9556
9553
9557
9560
9546
9554
9556
9560
9564
9563
9565
9563
9564
9569
9564
9566
9570
9567
9569
9581
9571
9570
9587
9588
9578
9585
9586
9579
9576
9589
9571
9585
9592
9577
9583
9557
9816
9593
9589
9589
9590
9592
9594
9594
9596
9596
9594
9596
9597
9599
9601
9605
9597
9605
9608
9608
9617
9613
9610
9617
9614
9606
9612
9617
9605
9619
9618
9619
9620
9620
9609
9591
9622
9621
9624
9623
9623
9624
9623
9622
9625
9632
9633
9632
9635
9636
9639
9639
9639
9626
9639
9641
9667
9644
9648
9644
9648
9650
9650
9652
9652
9653
9654
9650
9654
9654
9657
9663
9661
9666
9663
9664
9661
9644
9641
9668
9670
9669
9666
9670
9673
9666
9673
9676
9672
9678
9683
9680
9683
9676
9682
9681
9683
9686
9630
9687
9684
9688
9687
9689
9688
9690
9686
9698
9698
9707
9704
9698
9702
9713
9706
9717
9712
9709
9704
9724
9714
9722
9717
9710
9718
9709
9725
9717
9725
9721
9737
9730
9723
9731
9711
9719
9722
9722
9725
9731
9727
9734
9733
9718
9698
9735
9734
9734
9736
9735
9738
9735
9738
9740
9740
9735
9742
9741
9741
9742
9747
9751
9745
9743
9744
9750
9749
9750
9750
9750
9745
9749
9769
9751
9751
9752
9755
9762
9757
9765
9760
9759
9762
9764
9772
9750
9761
9741
9778
9757
9754
9772
9773
9775
9772
9780
9775
9768
9776
9773
9767
9780
9794
9785
9785
9779
9786
9780
9789
9789
9787
9794
9795
9796
9797
9797
9802
9804
9802
9804
9801
9808
9802
9803
9805
9804
9808
9806
9806
9812
9810
9819
9816
9814
9820
9816
9821
9820
9820
9836
9820
9820
9827
9821
9821
9815
9845
9823
9833
9824
9825
9836
9819
9825
9828
9833
9820
9829
9835
9836
9837
9827
9822
9837
9839
9845
9842
9842
9836
9863
9853
9848
9856
9861
9860
9863
9861
9862
9863
9865
9868
9865
9865
9872
9874
9932
9877
9878
9882
9877
9885
9885
9876
9882
9878
9890
9886
9890
9888
9888
9892
9893
9893
9886
9890
9893
9881
9896
9891
9896
9894
9896
9923
9900
9900
9900
9901
9903
9905
9908
9913
9909
9910
9909
9909
9920
9914
9921
9897
9897
9922
9923
9924
9916
9919
9928
9925
9928
9923
9928
9922
9928
9929
9928
9937
9938
9939
9933
9934
9938
9941
9939
9937
9939
9939
9945
9946
9949
9949
9952
9945
9948
9949
9950
9954
9953
9963
9957
9958
9817
9957
9961
9964
9963
9963
9959
9963
9965
9960
9964
9970
9973
9974
9979
9976
9981
9971
9977
9988
9981
9976
9989
9981
9983
9989
9990
9990
9991
9985
9988
9989
9991
9993
9976
9983
9974
9993
9995
9994
9995
9996
9998
9999
9999
9995
