Algoritma : quicksort-random1k  Süre (ms): 0.1283
1
50
0
5
9
3
11
0
30
9
28
10
16
6
6
7
22
4
0
6
23
8
25
10
19
6
7
38
12
12
38
5
19
31
21
10
61
27
50
18
30
40
46
33
31
16
46
8
16
41
51
46
42
35
44
51
68
47
53
27
57
50
55
55
68
59
60
56
68
69
83
15
79
64
70
67
27
71
71
72
71
75
73
118
84
71
115
36
80
89
91
106
72
90
87
89
90
70
100
81
100
101
98
104
96
99
85
90
93
111
102
113
91
126
115
106
116
109
125
111
121
124
122
84
83
129
132
129
110
117
124
137
118
130
113
144
129
118
120
129
142
142
144
137
147
229
145
150
147
141
142
144
148
148
154
159
135
140
146
159
127
204
127
178
135
147
137
168
171
152
140
154
163
155
154
163
163
155
191
159
178
145
146
201
185
186
152
178
155
190
161
191
181
185
153
183
167
202
189
177
167
197
203
219
188
193
163
229
190
195
192
195
249
183
186
184
204
197
181
214
185
231
161
180
208
214
210
211
226
240
206
203
219
207
225
221
228
228
218
231
236
212
242
231
229
236
249
240
207
237
248
251
252
253
255
254
255
257
258
260
259
254
271
263
256
258
258
257
269
283
281
269
257
260
258
259
263
299
264
257
296
289
264
268
268
295
300
271
271
297
285
270
271
277
300
290
290
300
285
285
301
283
303
286
304
303
277
304
304
305
266
321
313
311
309
309
314
323
329
322
339
313
327
327
324
326
328
327
329
328
330
330
345
339
349
361
344
363
344
334
349
351
363
349
370
353
351
353
358
345
353
371
355
363
387
359
368
458
424
365
371
395
380
378
372
400
377
388
410
397
384
384
379
388
408
412
435
399
371
384
428
400
438
417
403
411
411
392
429
416
413
415
393
391
416
406
412
456
417
416
419
442
421
418
423
443
421
420
453
415
436
424
397
444
428
447
428
424
436
449
430
455
447
427
432
448
426
436
431
436
435
431
439
456
507
436
444
451
505
443
540
452
534
449
449
461
456
479
459
482
485
458
481
466
471
476
469
486
463
513
463
474
487
470
480
525
484
457
489
478
472
488
467
481
535
496
540
488
488
488
531
532
491
536
494
544
494
490
486
492
521
532
496
504
500
503
497
490
504
508
496
512
496
507
506
509
507
513
521
534
514
514
543
513
516
533
514
519
758
536
714
539
527
532
527
539
520
523
857
544
550
580
539
740
736
532
550
551
545
563
557
556
556
549
567
541
553
569
557
570
588
558
558
558
670
562
562
564
550
666
593
571
575
581
578
579
578
568
588
572
571
569
591
579
577
585
581
580
582
579
581
634
590
586
592
591
781
590
601
598
595
610
611
599
603
610
607
596
593
605
608
612
610
608
610
614
615
607
607
611
614
610
692
617
622
620
625
621
624
623
623
622
624
624
621
626
628
630
625
632
632
633
638
637
697
693
639
675
652
633
641
640
642
649
641
646
642
642
646
643
642
648
653
653
653
655
651
660
660
652
659
655
662
655
650
659
657
671
666
667
679
656
675
667
673
675
677
679
683
686
692
684
683
688
691
701
693
701
695
696
701
697
679
689
701
695
703
699
698
699
704
729
707
707
710
709
709
708
711
711
709
705
714
714
716
715
717
719
711
728
718
725
725
720
716
730
718
720
721
722
728
731
736
722
722
729
737
731
731
736
726
741
740
732
747
746
742
748
747
788
752
751
751
755
771
750
751
753
756
763
754
756
766
763
766
774
763
770
772
771
769
773
773
774
778
776
775
778
775
791
785
780
785
786
787
783
786
791
785
794
793
791
792
796
791
788
799
798
796
799
781
800
801
802
802
804
809
805
811
816
810
810
811
810
909
817
823
819
831
823
823
823
826
832
836
848
833
845
842
838
854
866
828
833
849
841
868
853
838
869
854
825
852
860
866
854
838
869
859
869
868
861
876
866
858
856
868
869
867
913
871
904
856
857
871
875
875
860
930
873
872
878
872
880
881
880
898
886
883
902
886
881
900
894
896
895
890
881
896
904
893
897
904
896
895
894
904
898
900
910
908
905
907
919
902
909
912
928
914
930
921
934
938
924
927
925
939
936
926
926
935
944
918
930
932
934
930
934
934
934
927
962
912
931
930
946
941
943
954
947
945
949
952
941
938
947
950
945
949
950
953
950
950
954
960
962
957
958
980
964
962
964
964
973
964
970
969
980
974
976
970
975
963
975
982
978
978
980
982
980
981
982
981
981
989
985
985
991
991
990
993
988
998
995
998
996
997
998
998
999
