1
7
3
0
5
4
5
8
6
11
9
0
0
6
6
12
22
6
53
16
7
12
10
31
10
27
15
28
27
10
16
31
21
38
19
19
33
25
89
27
41
42
84
8
23
16
51
9
35
36
38
59
50
30
67
61
46
30
46
57
180
69
44
50
68
56
46
18
71
51
93
100
47
106
64
84
80
55
68
55
40
79
68
70
87
71
72
72
83
71
90
100
50
145
85
73
91
75
90
90
99
96
89
91
98
102
71
81
101
104
125
106
109
111
115
113
118
113
118
115
121
118
117
111
129
129
129
120
122
129
127
124
116
110
124
127
126
137
130
135
137
142
142
135
185
144
140
144
148
137
132
155
153
152
155
163
140
146
146
147
154
154
83
168
141
147
147
150
152
70
155
167
159
154
142
159
159
163
167
163
181
181
161
195
190
218
161
178
178
190
231
192
60
178
148
195
183
191
163
203
171
203
206
145
189
177
211
212
197
183
185
191
197
188
229
201
186
225
219
214
204
228
204
214
193
207
228
210
226
236
144
237
207
219
185
240
221
202
229
208
231
184
254
229
231
236
253
186
248
242
254
249
240
251
249
260
258
257
252
257
268
256
258
264
259
257
258
259
266
270
258
271
257
263
268
255
255
271
264
269
285
260
277
271
269
271
285
263
281
285
283
313
277
286
283
303
304
290
303
289
299
300
300
295
309
297
301
300
304
313
296
290
305
327
304
309
311
314
321
322
323
328
330
324
326
327
327
328
329
329
339
334
384
384
339
345
345
344
355
351
344
359
353
353
349
330
361
358
377
349
353
349
363
365
384
421
368
403
351
415
363
363
371
371
430
408
378
379
388
372
426
371
391
392
393
428
397
380
429
424
399
410
400
411
420
423
387
388
432
397
400
419
411
428
395
431
412
415
435
453
416
436
436
406
417
416
416
427
417
424
444
428
461
424
370
412
413
459
442
456
436
438
436
457
444
443
439
449
431
421
418
435
456
447
710
448
458
521
449
531
451
628
436
447
458
696
736
452
443
488
449
456
471
476
463
455
466
481
469
505
470
472
488
463
478
488
474
482
490
479
494
496
467
486
481
494
496
492
480
486
485
496
497
516
491
488
507
490
489
504
484
496
504
507
506
487
500
514
539
512
508
513
513
535
503
507
519
513
509
536
536
514
532
532
514
532
520
532
521
539
523
544
540
527
539
527
563
534
562
550
533
544
550
540
541
568
550
570
553
543
525
558
534
545
562
549
578
556
557
558
571
558
551
580
569
556
557
571
614
615
564
577
572
595
569
581
575
578
567
610
580
586
581
591
590
588
579
579
581
585
590
582
579
607
598
592
593
588
599
617
596
593
605
603
607
608
591
608
655
607
601
621
610
611
610
614
610
611
610
620
655
699
622
622
624
623
633
612
625
621
625
623
624
633
624
632
637
639
683
640
632
634
626
638
630
641
652
643
648
642
642
642
650
651
641
642
653
646
653
653
646
649
655
652
660
657
659
656
659
660
667
666
705
662
671
670
677
666
667
675
675
679
697
679
679
673
691
683
692
675
692
684
686
688
704
701
695
693
689
697
698
701
699
703
701
693
707
701
716
714
709
709
711
708
711
714
695
707
709
711
718
714
720
715
719
716
717
753
720
718
722
736
721
722
722
730
728
726
729
728
781
731
731
731
732
737
736
740
746
742
740
747
741
747
755
748
751
729
751
751
750
754
752
756
773
769
756
766
763
763
778
766
772
758
771
774
770
771
775
775
816
773
763
776
778
828
774
725
725
780
785
781
786
786
783
785
787
788
791
791
788
793
791
791
785
792
796
798
796
794
801
802
804
800
799
802
799
831
805
809
811
819
810
823
810
811
823
817
856
823
810
825
826
823
832
856
848
836
838
833
838
841
838
868
859
852
988
854
854
980
857
833
845
858
857
854
919
896
842
861
849
866
895
860
853
867
866
913
900
860
904
866
868
945
873
871
868
869
869
871
869
934
872
909
876
875
875
880
880
881
878
886
886
881
893
894
881
883
918
890
895
894
902
896
897
898
900
904
896
909
908
902
905
904
927
907
914
912
924
921
904
927
912
930
925
950
926
938
928
944
930
947
950
869
872
950
932
931
910
926
898
930
930
930
934
934
935
939
934
934
938
945
946
936
941
941
943
947
950
949
949
952
954
975
957
954
953
962
960
962
962
963
958
981
970
964
964
964
964
969
970
978
975
976
978
973
980
980
974
990
980
981
981
982
982
989
985
982
998
985
991
995
991
998
993
996
998
998
997
999
