0
1
1
2
1
8
4
7
7
7
3
5
12
14
15
20
23
21
21
24
21
22
24
26
42
27
31
32
32
42
32
33
43
42
49
51
50
44
46
51
49
44
49
45
45
53
49
47
55
50
54
62
57
65
59
62
62
60
65
62
58
63
61
64
65
52
66
68
69
70
72
73
75
73
76
75
76
78
77
77
80
82
81
81
89
86
86
86
88
90
90
93
94
93
95
96
97
98
99
102
108
106
106
107
119
109
107
107
110
108
110
110
113
113
118
112
123
123
118
121
124
124
124
124
127
127
124
125
124
127
127
131
131
141
131
137
136
137
138
141
141
141
141
142
141
142
149
143
148
145
147
150
148
165
154
154
150
157
151
152
154
146
155
155
143
156
157
150
168
158
159
171
172
160
164
165
160
172
178
179
159
184
182
171
171
170
167
172
172
160
162
173
175
176
190
178
179
178
234
199
168
156
180
181
182
182
169
178
190
192
177
194
195
212
197
199
199
197
179
200
201
204
214
206
209
213
211
213
228
196
201
219
223
220
224
226
236
227
228
241
229
238
230
231
231
231
246
232
236
208
234
237
239
226
230
246
246
245
244
254
258
249
259
259
284
260
261
262
268
268
265
270
274
275
273
275
275
277
275
277
280
275
276
278
280
279
286
283
285
277
290
292
292
287
291
290
298
290
298
291
286
294
287
875
304
286
295
292
299
300
311
296
303
307
300
315
310
317
304
321
314
323
307
300
317
317
329
318
319
329
315
318
332
326
315
313
324
345
332
332
324
332
334
336
335
349
338
344
345
348
348
348
343
359
358
337
331
353
354
354
503
352
359
364
363
365
362
365
370
368
366
371
371
373
375
375
378
381
379
376
385
381
383
385
386
385
387
389
392
390
390
395
394
393
394
396
395
397
391
394
400
399
400
397
407
403
400
407
404
414
401
402
405
404
404
413
408
409
404
415
415
417
419
419
420
426
419
428
432
432
426
437
431
438
439
440
439
440
440
437
434
442
444
445
444
446
444
448
447
447
451
452
450
450
448
447
453
457
451
461
457
453
456
464
464
464
464
458
468
465
441
471
468
458
455
475
468
471
471
481
472
473
475
483
469
482
476
476
479
468
478
482
493
496
472
485
486
472
490
499
474
491
493
502
483
494
499
514
508
498
509
503
492
505
518
492
508
498
506
509
510
500
511
511
520
512
508
513
528
507
531
527
515
520
521
521
537
537
522
535
527
541
513
566
530
531
511
532
533
551
534
536
521
553
539
538
539
524
558
541
541
555
540
542
542
543
514
566
565
700
549
532
553
553
517
545
576
578
558
540
528
555
561
561
564
543
601
606
567
568
568
570
576
577
588
554
543
571
585
598
595
615
617
585
586
573
609
594
588
549
610
586
586
586
599
600
617
602
605
587
542
621
623
586
586
616
619
620
637
621
610
622
632
619
624
649
624
634
632
624
622
633
621
634
628
633
646
637
639
640
644
641
650
645
646
636
648
635
652
651
663
658
657
632
659
667
664
672
657
660
665
676
668
673
667
670
675
665
665
673
667
686
676
671
675
678
680
674
684
681
680
687
693
691
691
696
699
695
694
694
693
698
695
703
704
700
703
695
708
704
704
699
707
708
710
708
716
709
718
713
714
702
728
716
712
717
718
719
729
730
722
725
725
721
803
723
714
723
741
727
728
812
722
722
730
731
738
732
732
733
716
740
738
742
731
761
741
747
753
752
766
762
746
760
755
756
769
758
760
767
757
761
761
750
781
755
757
760
763
763
765
774
772
801
767
760
769
739
770
772
811
762
765
776
790
762
782
782
798
790
774
801
792
794
804
793
870
798
798
794
785
810
799
767
813
783
799
804
804
774
816
814
822
790
824
812
814
801
816
815
853
820
819
819
834
840
822
824
790
824
822
856
822
827
810
828
827
830
831
834
805
850
831
855
835
853
806
851
826
842
842
838
843
850
860
867
838
867
853
869
837
871
856
857
874
860
863
845
864
864
912
869
867
866
852
882
868
869
832
866
890
870
872
871
841
841
871
897
873
900
898
870
877
903
879
881
900
901
856
884
885
885
886
890
881
796
892
894
897
889
898
921
874
874
4404
903
926
911
882
905
906
929
907
907
961
933
865
914
921
899
942
915
942
922
926
927
923
925
948
943
928
930
929
931
931
925
932
958
959
956
935
937
940
880
940
906
943
944
968
969
969
948
927
947
949
957
951
951
952
940
933
981
983
983
989
969
903
946
962
985
969
969
969
945
969
995
997
970
965
985
1000
950
975
1042
976
976
978
978
976
979
979
981
981
908
982
1015
982
932
1018
983
981
1021
974
984
1020
987
996
1027
989
988
1114
994
995
970
970
971
998
999
1038
1000
973
1002
1043
1043
1045
1045
1045
1012
1048
1014
982
1018
1258
1018
1018
1018
1011
968
1019
1060
1060
1024
1056
1002
1025
1063
1078
1027
1027
989
1025
1028
1028
1029
1121
1000
1034
1038
1077
1034
1015
1071
1043
1043
1086
1009
1079
1087
1088
983
1010
1046
1170
1048
1017
1051
1096
1151
1054
1099
1062
1056
1059
1021
1062
971
1022
1065
1099
1064
1065
1065
1153
1113
1080
1115
1069
1072
1117
1072
1119
1121
1119
1074
1078
1125
2185
1003
975
1081
1082
1043
1086
1084
1134
1092
1087
1145
1132
1088
1088
1087
1142
1087
1089
1151
1096
1096
1207
1026
1063
1147
1098
1159
1100
1108
1107
1091
1109
1156
1065
1113
1113
1158
1113
1055
1110
1112
1088
1115
1174
1116
1118
1118
1167
1119
1066
1027
1120
1121
1074
1030
1122
1124
1125
1038
1189
1126
1127
1187
1130
1134
1192
1044
1211
1203
1138
1141
1142
1124
1125
1144
1144
1196
1147
1137
1146
1209
1066
1197
1148
1097
1151
1214
1211
1112
1112
1113
1055
1216
1163
1164
1030
988
1168
1170
1092
1047
1171
1179
1183
1231
1180
1233
1234
1127
1189
1186
1186
1237
1191
1086
1193
1193
1192
1194
1246
1195
1093
1197
1208
1195
1200
1199
1203
1242
1204
1148
1259
1366
1260
1212
1152
1162
1213
1264
1320
1216
1217
1216
1218
1271
1211
1273
1222
1223
1231
1180
1185
1275
1335
1234
1180
1232
1169
1236
1282
1239
1239
1228
1230
1240
1246
1194
1137
1247
1281
1249
1005
1251
1300
1253
1253
1254
1305
1305
1255
1257
1052
1309
1308
1260
1260
1210
1448
1263
1213
1317
1265
1219
1321
1288
1403
1323
1220
1325
1273
1233
1262
1329
1277
1232
1332
1279
1280
1337
1280
1280
1276
1262
1296
1250
1282
1238
1250
1285
1346
1287
1348
1294
1294
1287
1307
1300
1355
1354
1307
1252
1297
1298
1301
1304
1254
1305
1302
1304
1367
1307
1245
1373
1271
1309
1373
1372
1310
1356
1311
1317
1264
1379
1381
1325
1266
1150
1321
1385
1323
1384
1274
1389
1376
1272
1329
1327
1474
1468
1396
1327
1604
1399
1330
1332
1330
1400
1378
1556
1280
1504
1340
1342
1286
1346
1349
1291
1414
1348
1343
1416
1406
1352
1573
1354
1354
1354
1425
1297
1364
1354
1354
1356
1359
1365
1281
1367
1597
1435
1308
1368
1438
1370
1372
1052
1420
1281
1355
1375
1376
1385
1456
1319
1324
1380
1380
1455
1383
1387
1389
1385
1322
1269
1383
1461
1388
1389
1464
1323
1390
1392
1546
1329
1396
1396
1396
1392
1472
1431
1279
1400
1478
1402
1477
1399
1404
1404
1484
1489
1346
1410
1411
1478
1413
1414
1348
1343
1494
1417
1413
1418
1418
1407
1502
1423
1502
1424
1425
1505
1421
1426
1427
1429
1259
1510
1433
1513
1515
1435
1442
1437
1369
1439
1441
1438
1439
1442
1520
1443
1445
1379
1447
1447
1385
1527
1453
1314
1534
1459
1461
1460
1461
1443
1463
1464
1444
1466
1476
1472
1394
1546
1475
1549
1537
1478
1271
1484
1480
1484
1560
1412
1558
1485
1485
1485
1562
1579
1489
1485
1489
1491
1494
1415
1491
1497
1498
1563
1574
1501
1502
1296
1497
1504
1505
1505
1505
1583
1494
1432
1506
1510
1262
1506
1590
1511
1512
1513
1513
1513
1513
1604
1512
1599
1514
1514
1435
1866
1602
1605
1521
1516
1522
1524
1516
1516
1628
1314
1614
1531
1532
1534
1532
1532
1478
1487
1622
1539
1542
1623
1640
1544
1635
1536
1545
1395
1329
1547
1657
1636
1636
1535
1550
1526
1551
1322
1553
1643
1551
1554
1551
1562
1558
1552
1650
1562
1561
1653
1530
1585
1407
1655
1659
1500
1565
1420
1353
1574
1572
1665
1583
1583
1582
1580
1582
1567
1669
1671
1511
1585
1512
1517
1591
1367
1597
1592
1434
1597
1597
1690
1599
1599
1586
1601
1324
1780
1398
1601
1603
1605
1605
1702
1606
1609
1610
1614
1698
1535
1616
1620
1693
1621
1622
1617
1554
1544
1327
1613
1623
1625
1626
1542
1711
1719
1656
1632
1635
1549
1549
1629
1725
1639
1643
1628
1628
1635
1612
1727
1405
1335
1647
1644
1738
1650
1646
1741
1653
1646
1655
1745
1571
1656
1757
1280
1568
1656
1660
1663
1663
1665
1665
1748
1657
1655
1667
1671
1748
1672
1764
1590
1671
1673
1673
1675
1595
1678
1683
1675
1738
1653
1684
1598
1691
1685
1705
1692
1694
1692
1784
1693
1695
1588
1308
1701
1697
1698
1848
1706
1707
1612
1796
1714
1717
1717
1718
1717
1709
1863
1741
1712
1720
1723
1726
1726
1643
1727
1730
1644
1812
1729
1733
1734
1738
1649
1798
1739
1822
1776
1563
1737
1743
1745
1745
1829
1736
1746
1834
1751
1833
1658
1755
1748
1753
1761
1762
1841
1672
1767
1766
1901
1774
1774
1852
1675
1780
1691
1849
1526
1781
1898
1850
1622
1796
1796
1796
1776
1809
1719
1923
1865
1862
1729
1719
1798
1804
1804
1805
1873
1807
1808
1877
1877
1813
1798
1817
1820
1882
1822
1822
1822
1775
1823
1826
1889
1884
1680
1830
1634
1885
1875
1832
1764
1836
1764
1845
1958
1903
1845
1845
1847
1775
1675
1851
1792
1741
1852
1853
1784
1856
1913
1856
1856
1918
1797
1803
1803
1858
1983
1865
1858
1866
1866
1868
1929
1873
1873
1873
1933
1873
1936
1935
1884
1808
1874
1876
1995
1941
1803
1834
2008
1882
1882
1881
1881
1875
1901
1887
1829
1888
1956
1956
1548
1890
1891
1894
1895
1895
1976
1855
1833
1901
1855
1968
1961
1902
1841
1904
1906
1975
1907
2024
1979
1914
1915
2038
1981
1899
2043
1918
1857
1921
1921
1990
1918
1990
1924
1929
1927
1873
1873
1932
1933
1869
1934
1935
1873
1873
1937
1937
1941
1997
1879
2010
1945
1947
1995
1950
2015
1829
2018
1955
1889
1956
2023
1905
1932
1957
2019
2028
1968
1896
1968
1845
1901
1961
1969
2033
1910
1976
1977
1912
1974
2068
1981
2032
1928
1983
1987
1916
1988
1989
1990
1989
2045
2043
1985
1991
2025
1995
1810
1996
1814
1996
1998
1942
1999
2004
2003
2067
1996
2007
1945
1949
2070
2012
2121
2068
2073
2012
2061
2054
2013
1952
2022
2019
2132
2032
2084
2086
1963
2086
1994
2029
1972
2090
2039
2040
2040
2094
2024
2043
2097
2098
1864
1803
2101
2050
2052
2053
2105
2055
2107
2056
2054
2059
2062
2014
2121
2117
2006
2073
2117
2069
2011
2072
2113
1950
2073
2063
2119
2118
2075
2076
2016
2077
2078
2130
2128
1902
2135
1963
2079
2080
2087
2140
1980
1915
2090
2091
2145
2038
2209
2146
2097
2139
2045
2098
2098
2054
2099
2101
2157
2113
2103
2105
2168
2091
2107
2107
2058
2107
2109
2160
2063
2064
2281
2091
2090
2118
2018
2114
2074
2180
2071
2180
2125
2125
2126
2126
2184
2186
2081
1954
2133
2134
2137
2025
2137
2194
2135
2135
2138
2140
2188
2094
2207
2141
2145
2203
2141
2143
2096
2146
2221
2095
2212
2212
2150
2155
2157
2216
2049
2101
2220
2220
2160
2104
2161
2162
2164
2227
2230
2156
2169
2171
2175
2131
2146
2172
2178
2125
2237
2225
2138
2184
2185
2242
2128
2187
2250
2184
2188
2190
2135
2250
2193
2376
2089
2195
2197
2197
2199
2212
2201
2202
2204
2145
2176
2208
2208
2209
2268
2268
2244
2149
2216
2213
2214
2274
2275
2216
2157
2159
2217
2236
2158
2220
2219
2171
2280
2222
2242
2224
2226
2163
2168
2286
2231
2232
2299
1951
2236
2237
2299
2234
2301
2240
2242
2222
2186
2243
2244
2308
2245
2246
2246
2246
2314
2191
2194
2267
2252
2254
2255
2199
2258
2384
2266
2148
2320
2267
2211
2267
2330
2330
2269
2270
2274
2213
2437
2275
2337
2275
2215
2272
2298
2277
2281
2171
2282
2147
1916
2284
2339
2285
2286
2292
2351
2299
2294
2295
2234
2299
2299
2299
2361
2282
2291
2300
2365
2302
2238
2303
2303
2378
2307
2308
2307
2300
2375
2322
2247
2260
2316
2446
2318
2320
2322
2325
2381
2325
2383
2312
2326
2329
2264
2269
2393
2331
2392
2275
2275
2338
2399
2374
2339
2340
2219
2343
2344
2345
2345
2347
2348
2348
2349
2415
2351
2352
2410
2353
2356
2418
2357
2360
2361
2361
2361
2416
2359
2428
2363
2301
2364
2365
2362
2366
2433
2434
2083
2591
2375
2375
2310
2313
2376
2440
2445
2377
2446
2447
2323
2520
2384
2441
2384
2453
2385
2387
2390
2393
2326
2444
2338
2394
2395
2396
2399
2399
2393
2400
2401
2405
2292
2470
2408
2472
2409
2411
2350
2476
2415
2402
2404
2478
2418
2482
2295
2370
2482
2486
2421
2423
2424
2475
2425
2496
2431
2433
2433
2471
2432
2417
2500
2434
2373
2436
2337
2438
2499
2437
2406
2575
2513
2256
2442
2439
2443
2370
2370
2316
2517
2380
2519
2522
2450
2515
2451
2452
2385
2526
2452
2452
2467
2456
2458
2460
2532
2461
2462
2469
2470
2437
2471
2472
2408
2426
2471
2546
2476
2476
2412
2548
2478
2480
2423
2481
2482
2554
2555
2484
2485
2486
2486
2424
2475
2490
2492
2362
2495
2566
2493
2499
2434
2567
2504
2335
2505
2503
2574
2252
2510
2509
2510
2525
2443
2333
2516
2517
2517
2586
2518
2519
2514
2520
2448
2444
2522
2590
2526
2455
2454
2598
2529
2600
2531
2603
2603
2514
2534
2540
2542
2607
2600
2584
2545
2546
2548
2615
2548
2416
2536
2536
2551
2356
2876
2552
2553
2555
2555
2555
2613
2559
2562
2631
2564
2566
2502
2561
2632
2569
2637
2570
2567
2561
2571
2439
2643
2508
2572
2576
2580
2581
2585
2586
2586
2450
2655
2527
2655
2592
2710
2594
2594
2595
2598
2662
2600
2665
2602
2529
2533
2664
2420
2541
2671
2608
2609
2609
2474
2544
2610
2679
2614
2548
2554
2676
2790
2621
2623
2636
2626
2624
2627
2629
2630
2492
2635
2632
2635
2567
2570
2684
2799
2702
2629
2699
2643
2643
2575
2706
2646
2653
2583
2806
2652
2651
2710
2655
2655
2648
2587
2656
2657
2524
2609
2660
2662
2607
2725
2726
2781
2606
2666
2668
2669
2671
2669
2616
2674
2739
2612
2682
2737
2682
2638
2752
2684
2749
2685
2686
2686
2689
2761
2691
2695
2695
2695
2698
2732
2700
2637
2758
2704
2706
2766
2813
2707
2650
2708
2766
2713
2768
2717
2720
2722
2722
2718
2723
2725
2725
2777
2663
2664
2600
2826
2777
2757
2734
2678
2736
2737
2739
2680
2835
2741
2742
2743
2744
2804
2693
2747
2798
2752
2803
2755
2756
2889
2758
2758
2800
2806
2794
2762
2810
2763
2766
2856
2728
2757
2767
2768
2705
2727
2768
2772
2777
2777
2824
2816
2779
2826
2781
2782
2782
2768
2783
2785
2620
2835
2787
2683
2838
2835
2791
2641
2848
2744
2746
2798
2791
2799
2699
2637
2842
2657
2835
2651
2854
2808
2808
2810
2810
2795
2811
2824
2883
2775
2811
2868
2826
2727
2724
2827
2870
2828
2790
2790
2785
2836
2838
2657
2807
2839
2795
2879
2853
2839
2848
2848
2848
2842
2888
2852
2762
2854
2894
2855
2894
2707
2896
2897
2863
2863
2865
2726
2869
2870
2825
2865
2906
2871
2873
2909
2879
2911
2621
2906
2881
2876
2916
2847
2885
2888
2882
2921
2886
2890
2890
2891
2926
2863
2894
2894
2892
2931
2895
2896
2910
2897
2897
2855
2898
2901
2882
2902
2903
2902
2906
2906
2870
2880
2907
2909
2909
2948
2907
2939
2911
2910
2881
2913
2958
2915
2916
2990
2915
2899
2919
2921
2919
2963
2923
2858
3002
2926
2926
2960
2892
2862
2926
2927
2956
2931
2929
2929
2925
3007
2935
3140
2940
2999
2949
2524
2951
2951
3023
2955
2958
2958
3017
2926
2959
3031
2991
2962
3004
2850
2967
3006
2973
3010
3006
2976
3075
2982
3015
2984
2984
3133
2985
3022
3094
4650
2945
2991
2925
3025
2916
2996
2961
2984
2970
3047
3918
3110
3000
3000
3034
3030
2987
2965
2983
3246
2978
3029
3027
3029
3005
3011
3012
3027
3016
3139
3022
2913
3024
2992
3050
3025
3008
3025
3021
3026
2934
3063
3062
3060
2931
3030
3066
3066
3001
2970
3074
3034
3200
3035
3035
3113
3031
3078
3074
3066
3039
2973
3042
3042
3043
3084
3063
3047
3082
3048
3053
3054
3054
3050
3093
3051
2953
3055
3098
3146
3100
3105
3056
3062
3060
3155
3106
3057
3064
2999
3109
3110
3066
3208
3067
3069
3116
3111
3010
3038
3070
3032
3076
3077
3038
3079
3079
3081
2999
3085
3043
3126
3043
3083
3134
3088
3088
3090
3025
3181
3146
3096
3098
3098
3094
3098
3095
3094
3141
3061
3028
3102
3100
3104
3100
3103
3156
3142
3199
3085
3107
3107
3108
3064
3164
3168
3111
2995
3166
3116
3170
3117
3006
3171
3085
3126
3131
3133
3134
3177
3131
3086
3216
2941
3222
3106
3145
3221
3186
3099
3148
3150
3193
3062
3191
3156
3196
3158
3164
3031
3200
3160
3160
3165
3075
3210
3168
3165
3205
3248
3170
3166
3171
3206
3175
3220
3176
3049
3018
3182
3179
3134
3218
3262
2985
3157
3226
3190
3192
3101
3156
3194
3196
3196
3196
3191
3273
3226
3186
3199
3158
3106
3204
3240
3203
3072
3027
3209
3252
3113
3039
3212
3275
3209
3214
3120
3220
3142
3222
3215
3184
3303
3257
3254
3224
3225
3186
3227
2985
3232
3235
3188
3233
3293
3237
3238
3242
3173
3243
3243
3241
3244
3041
3250
3281
3246
3285
3213
3254
3187
3186
3261
3316
3293
3263
3263
3266
3226
3270
3267
3273
3236
3273
3321
3230
3276
3209
3382
3284
3285
3309
3285
3275
3334
3223
3293
3313
3317
3293
3263
3268
3319
3297
3347
3301
3286
3293
3330
3310
3348
3301
3311
3293
3292
3333
3317
3317
3327
3317
3315
3292
3318
3222
3320
3261
3320
3313
3325
3350
3375
3327
3326
3368
3357
3332
3290
3334
3359
3327
3336
3337
3420
3339
3345
3346
3346
3359
3342
3345
3274
3367
3348
3370
3347
3348
3399
3346
3343
3348
3329
3310
3353
3378
3352
3380
3387
3353
3354
3482
3358
3362
3439
3366
3394
3401
3351
3367
3353
3323
3317
3370
3352
3372
3401
3421
3381
3307
3378
3384
3409
3385
3354
3387
3419
3414
3388
3354
3417
3393
3366
3424
3391
3391
3398
3394
3349
3324
3403
3394
3404
3409
3370
3405
3436
3408
3410
3433
3385
3414
3414
3441
3416
3417
3417
3413
3445
3413
3418
3476
3450
3447
3385
3427
3594
3427
3413
3425
3432
3408
3435
3432
3436
3436
3465
3434
3465
3439
3461
3359
3441
3468
3440
3442
3445
3412
3446
3511
3319
3478
3447
3449
3449
3481
3451
3463
3486
3481
3476
3490
3452
3447
3454
3457
3458
3458
3445
3454
3459
3498
3436
3500
3501
3460
3467
3552
3470
3470
3455
3624
3475
3429
3448
3507
3478
3514
3478
3476
3480
3518
3488
3482
3388
3453
3513
3485
3524
3487
3487
3528
3618
3451
3170
3491
3498
3536
3423
3548
3500
3391
3501
3501
3501
3489
3488
3493
3494
3504
3468
3544
3549
3511
3476
3553
3478
3512
3555
3514
3508
3509
3517
3453
3480
3556
3519
3521
3565
3518
3523
3522
3525
3570
3533
3525
3534
3576
3581
3452
3525
3576
3499
3543
3582
3545
3589
3542
3536
3548
3537
3589
3504
3508
3549
3361
3554
3635
3534
3556
3561
3519
3559
3562
3562
3563
3565
3557
3560
3606
3567
3453
3604
3646
3730
3572
3571
3574
3534
3530
3576
3575
3575
3574
3578
3575
3614
3693
3539
3455
3587
3628
3586
3549
3593
3588
3591
3591
3634
3606
3632
3572
3594
3607
3641
3605
3605
3610
3570
3644
3611
3645
3610
3611
3610
3652
3528
3618
3619
3619
3614
3620
3623
3661
3628
3627
3581
3614
3583
3632
3484
3609
3555
3634
3453
3633
3635
3671
3641
3641
3676
3633
3642
3570
3681
3610
3643
3648
3674
3652
3650
3649
3652
3613
3654
3660
3685
3627
3663
3689
3700
3698
3655
3664
3632
3702
3637
3674
3666
3664
3675
3677
3677
3673
3680
3681
3703
3714
3810
3682
3649
3685
3684
3688
3508
3722
3693
3696
3726
3703
3697
3655
3700
3731
3729
3731
3734
3722
3701
3687
3737
3710
3779
3711
3610
3751
3714
3714
3739
3710
3709
3718
3663
3657
3741
3722
3718
3718
3719
3702
3723
3725
3693
3786
3611
3697
3701
3732
3760
3733
3721
3698
3735
3737
3737
3760
3738
3780
3832
3743
3745
3741
3817
3780
3746
3777
3758
3778
3765
3787
3733
3767
3789
3772
3772
3765
3840
3795
3795
3742
3681
3721
3796
3791
3849
3779
3822
3809
3782
3784
3785
3731
3844
3760
3785
3789
3813
3794
3707
3778
3819
3794
3791
3796
3817
3800
3779
3823
3781
3824
3827
3813
3801
3813
3806
3775
3791
3816
3817
3880
3832
3821
3799
3841
3836
3832
3713
3824
3857
3826
3827
3827
3804
3852
3803
3851
3774
3833
3739
3844
3868
3837
3838
3793
3773
3841
3833
3842
3842
3843
3765
3860
3845
3891
3679
3875
3849
3822
3872
3877
3895
3861
3851
3856
3857
3836
3836
3863
3865
3809
3867
3915
3865
3865
3885
3844
3875
3894
3916
3852
3904
3878
3880
3850
3883
3883
3881
3882
3884
3890
3886
3845
3890
3870
3911
3894
3894
3889
3916
3931
3876
3813
3897
3900
3896
3922
3905
3903
3897
3926
3906
3907
3929
3911
3829
3932
3909
3910
3935
3888
3845
3956
3939
3922
3905
3905
3923
3942
3926
3950
3926
3917
3928
3950
3911
3928
3928
3954
3909
3934
3935
3917
3935
3913
3936
3939
3938
3895
3989
3940
3967
3875
3944
3952
3946
3969
3950
3929
3946
3946
3947
3951
3954
3941
3956
3957
3983
3980
3958
3964
3987
3965
3989
3965
3979
4027
3967
3956
4025
3926
3969
3971
3998
3993
3972
3973
3976
3979
3916
3981
3982
3932
3983
4008
3938
3981
4032
3985
3987
3987
3965
3985
3985
3988
3965
3965
3991
3992
4016
3968
4031
3969
3984
3998
4022
4032
3970
4003
4005
3983
4008
4008
4010
4010
4003
4059
4004
4044
4013
4014
4071
3999
4021
4076
4018
4000
4026
4054
3967
4029
4032
4032
4032
4023
4033
4039
4042
4064
4011
4033
4043
4044
4038
4047
4066
4066
4049
4054
4050
4077
3992
4056
4003
4059
4064
4082
4042
4087
4063
4083
4066
3995
4071
4047
4048
4072
4076
4105
3995
4077
4104
4080
4064
4078
4069
4083
4058
4092
4109
4084
4092
4095
4106
4097
4082
4102
4104
4103
4113
4097
4099
4113
4094
4050
4115
4116
4123
4117
4117
4121
4123
4117
4123
4116
4127
4129
4132
4133
4135
4135
4137
4135
4137
4134
4130
4142
4144
4146
4143
4150
4152
4145
4144
4143
4148
4155
4150
4147
4145
4155
4152
4155
4156
4156
4158
4160
4162
4161
4161
4159
4167
4167
4182
4156
4165
4168
4168
4166
4169
4167
4170
4170
4174
4178
4179
4187
4200
4180
4187
4169
4187
4182
4187
4172
4187
4185
4188
4194
4182
4194
4224
4191
4192
4198
4180
4194
4195
4204
4197
4218
4183
4209
4204
4204
4196
4205
4208
4211
4221
4210
4211
4224
4208
4214
4229
4216
4214
4239
4227
4215
4227
4223
4206
4188
4225
4233
4231
4225
4226
4218
4227
4229
4232
4226
4227
4235
4239
4236
4241
4197
4189
4243
4245
4246
4248
4246
4247
4251
4253
4251
4255
4259
4259
4259
4258
4259
4263
4263
4265
4266
4272
4279
4276
4278
4282
4275
4275
4281
4252
4265
4285
4285
4282
4285
4280
4285
4288
4289
4283
4287
4291
4292
4293
4289
4291
4286
4295
4301
4299
4305
4305
4303
4296
4303
4312
4306
4316
4301
4318
4309
4318
4325
4316
4326
4308
4326
4321
4324
4327
4311
4323
4320
4311
4321
4326
4327
4330
4326
4330
4327
4329
4330
4324
4330
4332
4331
4331
4332
4332
4337
4336
4336
4339
4334
4345
4339
4336
4339
4339
4343
4347
4347
4341
4347
4341
4351
4353
4353
4356
4359
4360
4360
4358
4360
4359
4362
4366
4362
4362
4361
4368
4363
4375
4366
4363
4369
4367
4372
4392
4372
4375
4362
4367
4374
4374
4375
4376
4389
4377
4364
4378
4380
4397
4383
4399
4397
4379
4377
4386
4384
4385
4390
4419
4384
4387
4393
4403
4361
4392
4391
4399
4409
4404
4402
4403
4403
4369
4404
4405
4404
4400
4406
4419
4399
4419
4422
4416
4419
4417
4413
4408
4410
4414
4422
4432
4435
4413
4434
4432
4431
4437
4438
4432
4431
4431
4433
4434
4444
4440
4436
4437
4422
4437
4450
4437
4438
4438
4458
4422
4438
4439
4428
4460
4459
4442
4444
4463
4445
4466
4468
4448
4465
4450
4441
4471
4452
4438
4454
4475
4466
4459
4441
4452
4461
4481
4463
4437
4482
4485
4465
4446
4478
4512
4431
4469
4492
4475
4495
4451
4456
4474
4475
4494
4470
4478
4481
4463
4461
4482
4484
4465
4510
4485
4510
4487
4512
4518
4492
4471
4471
4493
4513
4494
4471
4496
4499
4499
4490
4501
4508
4485
4488
4501
4502
4512
4446
4530
4536
4450
4536
4518
4515
4515
4541
4570
4534
4527
4533
4513
4489
4536
4523
4513
4537
4537
4642
4551
4520
4539
4525
4567
4541
4546
4548
4561
4544
4549
4553
4552
4547
4575
4577
4558
4540
4540
4557
4562
4572
4563
4562
4565
4576
4563
4568
4570
4540
4594
4574
4575
4580
4563
4588
4578
4578
4579
4580
4561
4589
4597
4557
4589
4588
4588
4577
4560
4601
4586
4605
4606
4595
4595
4601
4600
4602
4611
4591
4603
4604
4583
4616
4586
4608
4608
4611
4622
4623
4604
4621
4587
4619
4627
4611
4604
4615
4631
4624
4624
4625
4635
4621
4627
4628
4629
4616
4630
4631
4627
4648
4632
4646
4635
4640
4636
4637
4643
4643
4628
4644
4645
4645
4657
4646
4645
4635
4626
4664
4654
4662
4655
4667
4646
4657
4659
4662
4813
4657
4674
4674
4677
4677
4676
4668
4653
4671
4674
4691
4683
4672
4675
4686
4676
4665
4665
4690
4678
4680
4679
4701
4683
4666
4684
4694
4696
4687
4703
4687
4692
4690
4690
4671
4723
4668
4709
4682
4689
4695
4676
4697
4686
4698
4696
4699
4706
4701
4688
4719
4709
4706
4707
4693
4712
4728
4710
4714
4718
4718
4733
4700
4759
4720
4722
4738
4721
4726
4726
4728
4728
4715
4738
4731
4733
4719
4731
4735
4761
4747
4728
4721
4740
4755
4742
4746
4749
4735
4763
4752
4753
4756
4745
4765
4720
4760
4776
4760
4759
4761
4751
4766
4763
4774
4785
4773
4773
4738
4775
4760
4776
4769
4775
4777
4793
4782
4789
4791
4790
4778
4789
4793
4789
4788
4787
4790
4791
4786
4787
4794
4780
4793
4787
4806
4794
4794
4796
4799
4817
4809
4810
4802
4798
4806
4806
4806
4806
4821
4792
4808
4823
4828
4800
4813
4813
4841
4802
4831
4832
4816
4873
4833
4811
4821
4823
4834
4817
4813
4815
4843
4862
4824
4825
4823
4829
4830
4839
4812
4833
4820
4819
4854
4850
4853
4837
4834
4839
4824
4801
4864
4846
4866
4854
4835
4838
4855
4856
4836
4868
4842
4824
4874
4863
4847
4872
4878
4871
4857
4862
5129
4874
4884
4862
4912
4887
4878
4867
4890
4892
4893
4892
4874
4875
4900
4885
4887
4883
4888
4890
4890
4903
4888
4884
4906
4892
4880
4909
4894
4895
4882
4896
4914
4913
4902
4903
4877
4902
4904
4906
4905
4892
4907
4909
4909
4909
4889
4907
4911
4912
4917
4914
4900
4917
4915
4930
4917
4952
4920
4925
4924
4943
4918
4928
4931
4895
4933
4935
4937
4951
4941
4943
4944
4924
4956
4957
4951
4960
4956
4953
4984
4954
4956
4965
4942
4948
4957
4957
4957
4954
4958
4973
4937
5035
4965
4965
4965
4963
4960
4967
4969
4985
4972
4987
4973
4984
4959
4974
4993
4980
4977
4992
4983
4995
4996
5020
4989
4989
4993
5008
4978
4968
4995
4995
4995
4983
4995
4996
4996
4973
4973
4999
4997
4990
5000
5014
4997
5001
5018
5004
5003
5007
5008
5013
5010
5012
5023
5013
5020
5014
4998
5015
5017
5041
5018
5020
5003
5004
5059
5041
5021
5023
5027
5011
5050
5028
5030
5017
5036
5042
5043
5021
5043
5044
5021
5046
5049
5063
5052
5051
5035
5053
5054
5065
5057
5059
5050
5111
5058
5074
5065
5053
5067
5066
5066
5064
5090
5071
5064
5073
5091
5077
5070
5078
5079
5074
5080
5086
5084
5089
5091
5083
5070
5094
5103
5095
5098
5092
5113
5098
5098
5100
5098
5096
5106
5093
5103
5096
5099
5106
5106
5111
5111
5113
5100
5113
5119
5118
5114
5123
5121
5118
5123
5129
5127
5130
5132
5129
5133
5131
5134
5133
5134
5134
5139
5144
5144
5137
5153
5145
5153
5144
5146
5146
5148
5159
5153
5166
5174
5585
5165
5167
5178
5157
5179
5169
5168
5180
5173
5159
5161
5184
5176
5167
5177
5163
5185
5176
5182
5186
5199
5183
5193
5197
5181
5197
5186
5180
5198
5187
5179
5183
5185
5187
5190
5186
5204
5201
5219
5204
5206
5245
5207
5218
5225
5212
5230
5216
5254
5244
5223
5224
5205
5224
5247
5207
5210
5229
5223
5226
5225
5261
5259
5224
5236
5231
5255
5256
5240
5235
5233
5238
5256
5289
5253
5280
5254
5254
5216
5225
5243
5281
5256
5232
5283
5259
5257
5285
5240
5262
5275
5267
5272
5305
5273
5306
5309
5200
5234
5254
5279
5299
5255
5269
5282
5273
5278
5309
5310
5259
5297
5278
5283
5311
5280
5283
5345
5323
5295
5291
5313
5323
5325
5301
5309
5279
5288
5313
5336
5312
5337
5313
5304
5355
5340
5314
5318
5318
5344
5294
5309
5320
5293
5296
5335
5323
5321
5347
5324
5328
5347
5327
5350
5350
5334
5353
5313
5308
5354
5336
5287
5313
5319
5322
5340
5343
5341
5316
5324
5357
5335
5360
5345
5346
5361
5361
5347
5331
5362
5352
5419
5365
5349
5329
5323
5336
5339
5345
5356
5354
5363
5347
5352
5359
5356
5357
5370
5372
5367
5364
5361
5401
5379
5379
5352
5378
5371
5365
5370
5385
5374
5402
5387
5365
5375
5372
5399
5395
5381
5377
5385
5385
5402
5371
5382
5396
5398
5384
5418
5389
5390
5407
5396
5409
5421
5401
5415
5394
5389
5403
5397
5403
5409
5404
5404
5419
5387
5353
5366
5411
5409
5369
5434
5417
5431
5420
5432
5420
5422
5175
5411
5410
5424
5441
5428
5428
5426
5442
5429
5439
5457
5435
5440
5454
5455
5441
5421
5439
5444
5460
5445
5444
5462
5448
5467
5470
5451
5485
5423
5452
5471
5429
5424
5471
5451
5465
5479
5479
5466
5473
5471
5492
5472
5494
5473
5494
5449
5458
5501
5480
5503
5483
5508
5485
5510
5488
5513
5451
5480
5445
5458
5472
5474
5482
5514
5515
5491
5522
5495
5497
5499
5525
5529
5504
5505
5538
5512
5540
5491
5490
5541
5491
5513
5498
5525
5523
5521
5523
5521
5514
5552
5553
5516
5528
5524
5529
5555
5534
5561
5562
5540
5563
5544
5568
5567
5528
5536
5529
5539
5509
5565
5546
5595
5570
5570
5553
5553
5549
5553
5550
5560
5576
5546
5561
5561
5554
5559
5556
5532
9999
5562
5586
5565
5591
5548
5542
5569
5551
5571
5570
5559
5572
5598
5606
5580
5611
5584
5566
5615
5561
5597
5552
5497
5582
5592
5593
5597
5622
5597
5578
5598
5625
5627
5600
5600
5580
5584
5574
5618
5630
5614
5617
5645
5617
5613
5652
5618
5589
5653
5600
5622
5622
5660
5600
5665
5624
5666
5666
5629
5676
5630
5630
5609
5678
5633
5632
5682
5682
5635
5636
5741
5639
5686
5631
5652
5657
5707
5619
5684
5711
5589
5623
5690
5619
5646
5668
5638
5615
5625
5659
5727
5679
5733
5682
5680
5734
5672
5641
5642
5630
5691
5692
5692
5689
5653
5799
5696
5696
5643
5674
5754
5806
5699
5756
5709
5700
5710
5713
5710
5710
5767
5715
5715
5768
5717
5773
5776
5725
5720
5725
5784
5726
5784
5730
5728
5786
5732
5786
5734
5733
5696
5787
5741
5870
5797
5743
5746
5740
5797
5747
5692
5799
5752
5754
5754
5754
5802
5702
5729
5711
5714
5761
5751
5725
5785
5759
5727
5730
5719
5780
5734
5751
5773
5741
5743
5767
5758
5764
5806
5764
5758
5763
5814
5811
5748
5713
5682
5805
5806
5757
5755
5798
5813
5767
5772
5830
5781
5785
5781
5783
5834
5791
5839
5790
5797
5797
5790
5789
5787
5787
5797
5766
5786
5844
5766
5764
5781
5807
5810
5860
5808
5861
5865
5812
5815
5813
5802
5869
5869
5786
5817
5797
5786
5816
5816
5855
5819
5873
5881
5824
5822
5883
5827
5828
5888
5889
5837
5833
5849
5896
5839
5838
5839
5896
5843
5798
5904
5847
5907
5908
5850
5909
5854
5919
5797
5841
5807
5825
5813
5920
5874
5831
5826
5891
5847
5881
5876
5860
5850
5911
5861
5863
5920
5811
5865
5921
5869
5924
5873
5925
5858
5834
5841
5885
5880
5933
5881
5933
5937
5900
5896
5892
5952
5904
5901
5907
5954
5892
5896
5954
5911
5957
5832
5927
5860
5685
5796
5914
5914
5920
5958
5915
5962
5921
6153
5968
5833
5839
5912
5884
5872
5946
5886
5923
5914
5912
5904
5911
5941
5969
5924
5924
5923
5972
5927
5929
5973
5936
5935
5933
5930
5937
5983
5984
5921
5957
5924
5970
5986
5939
5946
5987
5983
5941
5949
6001
5894
5940
6002
5952
5951
5950
5952
5954
6015
5948
6040
5936
5928
5979
5996
5943
5997
5969
5946
5973
5952
5954
6022
5958
5960
5971
6025
5958
5938
5954
5904
5979
5977
5989
5955
5997
6023
6043
5991
5974
5974
5997
6077
6081
5999
6008
6098
5971
6099
6016
5955
5958
5961
6031
5991
6097
5957
6017
6014
6105
6021
6114
6032
6033
6034
6116
6037
6124
6049
6049
6049
6052
6134
6138
6053
6141
6056
6145
6148
6057
6062
6095
6063
6235
6064
6156
6157
6157
6066
6067
6074
6162
6081
6081
6071
6169
6082
6170
6175
6087
6090
6086
6091
6031
6179
6025
6108
6032
6120
6042
6040
6127
6049
6152
6060
6031
6182
6095
6187
6100
6106
6188
6102
6106
6189
6190
6109
6094
6191
6110
6073
6196
6197
6118
6113
6206
6120
6126
6213
6213
6215
6128
6128
6134
6134
6115
6219
6135
6220
6048
6144
6153
6093
6152
5586
6021
6081
6038
6122
6067
6042
6159
6193
6064
6127
6109
6081
6112
6166
6095
6185
6233
6091
6237
6240
6158
6156
6242
6242
6162
6243
6245
6165
6245
6245
6152
6246
6168
6248
6254
6167
6173
6178
6173
6255
6265
6185
6187
6182
6206
6267
6269
6190
6190
6188
6270
6193
6271
6200
6198
6279
6279
6201
6202
6207
6288
6068
6101
6106
6113
6117
6072
6129
6133
6178
6098
6144
6186
6159
6224
6163
6198
6173
6216
6181
6160
6258
6250
6154
6223
6160
6169
6229
6228
6189
6189
6208
6290
6216
6177
6296
6299
6218
6300
6227
6219
6219
6223
6309
6226
6227
6310
6229
6312
6229
6229
6236
6237
6828
6273
6322
6191
6221
6209
6302
6305
6242
6263
6245
6227
6231
6327
6248
6337
6223
6263
6256
6250
6338
6252
6345
6257
6345
6260
6253
6352
6271
6272
6354
6230
6312
6248
6254
6343
6204
6240
6320
6315
6254
6293
6351
6275
6273
6267
6271
6357
6281
6368
6371
6291
6303
6284
6287
6286
6377
6301
6296
6291
6384
6385
6266
6309
6274
6311
6393
6396
6315
6313
6404
6319
6406
6333
6321
6336
6321
6409
6326
6411
6421
6340
6342
6424
6425
6289
6177
6374
6292
6376
6321
6368
6401
6324
6338
6305
6398
6423
6339
6346
6344
6426
6428
6429
6351
6349
6350
6432
6433
6352
6294
6433
6354
6294
6435
6355
6436
6357
6273
6438
6364
6444
6445
6369
6366
6452
6375
6372
6375
6455
6457
6383
6377
6388
6378
6388
6459
6387
6383
6386
6466
6467
6468
6345
6393
6473
6294
6356
6374
6346
6416
6347
6413
6352
6411
6359
6439
6364
6406
6449
6319
6389
6351
6426
6436
6326
6395
6324
6378
6454
6382
6444
6382
6356
6470
6392
6476
6394
6433
6482
6490
6408
6415
6500
6502
6416
6425
6419
6503
6421
6505
6435
6449
6404
6519
6372
6372
6459
6401
6493
6418
6447
6424
6418
6511
6440
6442
6520
6477
6445
6522
6526
6411
6419
6478
6495
6452
6531
6457
6534
6461
6536
6538
6463
6539
6542
6468
6476
6552
6384
6442
6478
6483
6485
6560
6485
6561
6488
6565
6565
6571
6502
6498
6492
6582
6505
6583
6510
6498
6588
6512
6591
6591
6591
6394
6516
6515
6593
6517
6518
6595
6430
6421
6439
6516
6442
6533
6459
6454
6457
6527
6463
6524
6481
6462
6525
6518
6477
6468
6531
6489
6629
6560
6513
6483
6510
6545
6511
6555
6527
6517
6519
6516
6611
6530
6614
6616
6539
6534
6534
6533
6566
6540
6534
6708
6626
6545
6459
6546
6519
6628
6548
6547
6549
6629
6497
6528
6555
6614
6554
6633
6636
6558
6644
6648
6561
6533
6571
6569
6652
6656
6581
6572
6665
6668
6583
6584
6583
6491
6671
6672
6589
6674
6677
6581
6597
6678
6598
6679
6601
6603
6680
6683
6608
6689
6520
6617
6706
6619
6707
6708
6621
6621
6623
6540
6514
6529
6592
6531
6542
6564
6555
6586
6690
6546
6548
6597
6568
6579
6619
6583
6566
6654
6652
6567
6620
6603
6609
6614
6698
6709
6624
6605
6621
6624
6629
6629
6709
6712
6623
6587
6631
6692
6714
6636
6717
6720
6717
6637
6640
6648
6731
6662
6662
6656
6651
6660
6653
6738
6663
6739
6739
6669
6666
6754
6670
6759
6673
6678
6681
6677
6678
6684
6677
6686
6761
6688
6680
6680
6777
6691
6779
6623
6794
6698
6696
6798
6706
6800
6802
6570
6660
6629
6722
6642
6648
6632
6730
6651
6710
6714
6735
6640
6664
6677
6734
6688
6734
6781
6709
6805
6711
6704
6665
6719
6718
6722
6818
6823
6728
6724
6728
6715
6827
6729
6827
6824
6649
6808
6741
6735
6678
6736
6835
6754
6851
6750
6852
6757
6756
6757
6737
6751
6732
6854
6758
6854
6857
6860
6765
6767
6861
6863
6772
6869
6872
6776
6874
6874
6705
6806
6712
6798
6724
6713
6797
6728
6795
6789
6882
6786
6886
6715
6887
6623
6875
6804
6798
6892
6809
6894
6812
6897
6812
6900
6819
6819
6819
6900
6823
6902
6715
6826
6731
7681
6828
6907
6733
6779
6755
6733
6710
6799
6750
6837
6757
6768
6836
6769
6835
6831
6762
6767
6836
6847
6795
6738
6777
6789
6800
6883
6819
6818
6812
6878
6830
6912
6789
6853
6833
6917
6836
6832
6927
6838
6919
6848
6843
6934
6850
6831
6855
6936
6854
6942
6942
6947
6870
6858
6862
6957
6877
6869
6864
6877
6868
6841
6974
6878
6775
6976
6977
6884
6884
6879
6842
6886
6983
6985
6887
6888
6888
6878
6985
6992
6892
6892
6992
6993
6896
6996
6997
6897
6895
6897
6997
6997
6902
6899
6902
7001
6784
6982
6801
6854
6850
6898
6915
6860
6842
6840
6942
6878
6876
6887
6938
6836
7015
6980
6890
6930
6884
6898
6929
6903
7003
6903
6894
7003
7008
6909
6915
6900
6916
6857
6882
6963
6938
6886
6904
6893
6912
7012
6915
6905
7004
6918
7016
7018
6874
6968
6922
7026
7023
7023
6929
6973
7024
7018
6946
6941
7125
7039
6947
7050
6954
7052
6955
7053
6962
7058
6964
7064
6979
7074
6965
7017
7074
7076
6996
6988
6994
7090
7004
7099
7005
6999
7100
7102
7009
7015
7015
7016
7108
7108
7109
6926
7020
7069
6929
6882
7021
6927
6935
7114
7025
7116
7117
7117
7027
7035
7118
7030
7118
7119
7121
7033
7033
7121
6951
6933
6977
7071
7042
7047
7137
6963
7015
6969
6965
6952
6960
7000
7013
6971
6964
6992
7107
7021
7101
7023
7115
7024
7026
7098
7095
7094
7032
7037
7093
7033
7127
7042
7152
7154
7005
7052
7055
7155
7058
7158
7164
7065
7164
7068
7068
7067
7066
7070
7167
7070
7168
7168
7071
7080
7172
7074
7079
7174
7079
7177
7082
7082
6982
7083
7180
7180
6981
7055
7009
7082
7061
7026
7143
7056
7056
7030
7029
7110
7087
7036
7058
7068
7068
7031
7064
7224
7141
7071
7077
7138
7082
7180
7092
7085
7096
7192
7101
7198
7102
7198
7200
7110
7201
7201
7112
7212
7130
7131
7214
7214
7077
7171
7165
7139
7085
7110
7163
7124
7102
7111
7117
7208
7212
7136
7221
7138
7149
7222
7239
7048
7151
7098
7161
7216
7133
7153
7321
7156
7248
7159
7251
7253
7108
7193
7167
7256
7258
7170
7176
7264
7180
7179
7269
7270
7184
7273
7138
7212
7174
7185
7185
7199
7277
7190
7187
7201
7279
7198
7190
7286
7199
7287
7289
7292
7210
7211
7205
7203
7203
7206
7292
7296
7212
7296
7213
7296
7214
7297
7220
7218
7214
7299
7224
7107
7305
7226
7307
7228
7309
7229
7311
7239
7243
7318
7243
7269
7123
7161
7174
7182
7168
7158
7213
7274
7105
7213
7185
7175
7187
7264
7190
7262
7284
7199
7198
7180
7260
7210
7256
7300
7225
7295
7247
7237
7215
7323
7244
7153
7195
7205
7258
7253
7221
7252
7330
7256
7255
7255
7332
7334
7338
7261
7266
7347
7277
7259
7356
7357
7278
7280
7284
7282
7285
7363
7279
7292
7289
7292
7369
7271
7227
7373
7238
7299
7251
7329
7293
7373
7378
7298
7379
7380
7247
7318
7327
7301
7307
7312
7267
7256
7259
7315
7393
7314
7313
7308
7394
7384
7292
7316
7316
7395
7395
7292
7395
7321
7318
7323
7402
7411
7327
7405
7334
7417
7336
7417
7339
7421
7424
7331
7425
7348
7427
7350
7428
7346
7353
7428
7190
7305
7245
7317
7282
7278
7339
7250
7296
7298
7381
7319
7325
7399
7321
7403
7330
7371
7412
7342
7368
7344
7428
7383
7353
7358
7431
7353
7337
7431
7152
7349
7298
7351
7367
7414
7331
7394
7361
7368
7364
7443
7440
7314
7369
7368
7452
7376
7455
7351
7457
7379
7392
7458
7388
7462
7390
7463
7393
7395
7466
7467
7403
7402
7400
7383
7476
7435
7358
7371
7486
7411
7489
7414
7487
7419
7491
7423
7493
7426
7495
7495
7427
7374
7503
7439
7436
7505
7440
7506
7445
7436
7438
7510
7448
7512
7450
7517
7518
7453
7519
7298
7318
7379
7382
7476
7354
7393
7385
7402
7400
7417
7420
7534
7425
7494
7485
7430
7505
7437
7458
7498
7452
7447
7458
7496
7456
7457
7520
7523
7462
7480
7463
7461
7525
7466
7527
7470
7476
7529
7474
7532
7476
7474
7423
7426
7524
7490
7482
7456
7406
7489
7489
7487
7489
7478
7492
7545
7492
7547
7549
7441
7508
7504
7454
7445
7520
7523
7446
7524
7505
7460
7511
7510
7470
7498
7498
7476
7559
7527
7467
7463
7461
7534
7518
7494
7511
7476
7569
7516
7580
7583
7523
7520
7526
7588
7530
7510
7590
7531
7592
7534
7508
7455
7537
7594
7501
7487
7460
7523
7541
7588
7550
7502
7537
7528
7501
7588
7529
7542
7530
7596
7542
7541
7544
7598
7526
7569
7534
7541
7568
7601
7554
7556
7556
7554
7549
7619
7558
7621
7560
7566
7627
7566
7629
7540
7603
7547
7545
7623
7567
7630
7633
7542
7596
7635
7570
7569
7637
7641
7576
7573
7643
7580
7646
7582
7651
7586
7594
7594
7586
7581
7661
7565
7605
7574
7576
7604
7664
7578
7623
7602
7595
7595
7600
7665
7594
7603
7677
7607
7612
7646
7620
7685
7620
7620
7626
7689
7639
7702
7641
7623
7703
7643
7705
7561
7597
7595
7666
7658
7609
7677
7644
7729
7708
7709
7709
7655
7651
7651
7711
7711
7660
7718
7678
7722
7722
7670
7670
7668
7571
7726
7672
7727
7677
7729
7678
7731
7732
7680
7733
6207
7734
7641
7617
7700
7697
7648
7616
7697
7685
7650
7689
7655
7654
7666
7664
7670
7694
7691
7682
7735
7684
7737
7688
7738
7631
7695
7648
7695
7686
7689
7739
7650
7650
7695
7742
7744
7699
7750
7708
7704
7762
7712
7711
7767
7718
7771
7719
7712
7712
7775
7722
7777
7725
7723
7711
7779
7682
7780
7728
7780
7588
7673
7703
7599
7665
7690
7680
7696
7681
7744
7697
7757
7703
7736
7707
7761
7708
7739
7769
7727
7679
7716
7751
7708
7758
7727
7729
7782
7790
7791
7723
7758
7787
7736
7738
7792
7799
7720
7766
7749
7756
7808
7740
7815
7770
7763
7768
7821
7822
7828
7773
7778
7832
7782
7837
7841
7779
7794
7842
7787
7789
7738
7736
7754
7790
7847
7851
7740
7792
7766
7768
7768
7831
7802
7795
7777
7797
7796
7859
7859
7803
7803
7862
7831
7810
7813
7795
7796
7872
7814
7874
7816
7821
7822
7825
7818
7882
7829
7830
7886
7739
7845
7760
7779
7784
7813
7806
7786
7841
7793
7802
7863
7888
7842
7807
7796
7844
7828
7885
7835
7865
7813
7836
7891
7844
7837
7951
7858
7844
7852
7907
7911
7861
7851
7912
7878
7821
7872
7914
7920
7869
7814
7886
7843
7908
7857
7874
7924
7935
7882
7878
7879
7880
7940
7886
7886
7851
7883
7872
7943
7887
7945
7892
7948
7894
7948
7896
7855
7898
7953
7954
7901
7956
7897
7903
7864
7833
7883
7956
7852
7887
7907
7878
7922
7916
7892
7867
7948
7913
7900
7860
7901
7923
8006
7905
7902
7959
7873
7874
7896
7910
7945
7962
7919
7972
7922
7915
7916
7972
7924
7893
7975
7936
7938
7994
7996
7940
7886
7996
7996
7941
7946
7947
7951
8002
7905
7912
7922
7903
7902
7971
7924
7940
7967
7941
7966
7946
7958
8009
8015
7962
7961
7963
8016
8019
7956
7988
7960
8021
7970
7968
8025
7972
8026
7973
8026
8029
7979
7985
8034
7987
7982
7972
8039
7994
8043
8046
7998
7932
8047
8002
8051
8003
7991
7996
7909
8006
8053
8056
8009
8013
8056
7952
7961
8051
7953
7965
8023
7978
7968
8013
7986
8022
8040
8048
7975
7997
8014
8000
8004
7994
8008
8038
8063
7977
8052
8022
8025
8078
8083
8033
8033
8034
8085
8038
7998
8040
8006
8003
8028
8068
8020
8040
8034
8085
8038
8016
8088
8029
8084
8087
8039
8088
8090
8048
8044
8043
8099
8103
8052
8049
8108
8058
8114
8073
8060
8038
8025
8040
8037
8115
8063
8119
8075
8064
8071
8131
8076
8131
8131
8132
8085
8081
8086
8084
8084
8044
8138
8091
8144
8077
8054
8070
8092
8127
8126
8087
8096
8093
8159
8098
8159
8161
8100
8168
8114
8110
8102
8114
8178
8115
8178
8180
8119
8182
8122
8125
8098
8188
8077
8132
8132
8132
8126
8129
8082
8130
8194
8133
8195
8136
8197
8198
8184
8074
8058
8144
8165
8098
8142
8106
8120
8171
8133
8177
8141
8203
8203
8149
8159
8212
8110
8224
8161
8228
8233
8169
8177
8101
8173
8120
8233
8169
8172
8168
8171
8238
8240
8178
8239
8181
8241
8245
8191
8141
8187
8195
8252
8193
8192
8118
8254
8256
8195
8133
8259
8206
8206
8201
8197
8192
8267
8209
8270
8274
8216
8277
8277
8218
8223
8278
8121
8169
8159
8237
8175
8150
8234
8193
8186
8132
8229
8206
8199
8227
8211
8224
8179
8232
8190
8235
8206
8182
8224
8218
8243
8231
8214
8215
8291
8229
8293
8295
8217
8260
8235
8300
8241
8243
8303
8244
8284
8250
8317
8319
8253
8258
8259
8323
8325
8260
8327
8330
8270
8268
8265
8264
8333
8272
8268
8333
8277
8337
8280
8338
8241
8338
8235
8297
8298
8236
8252
8285
8288
8340
8291
8347
8285
8237
8349
8295
8350
8358
8302
8359
8304
8360
8363
8366
8311
8314
8368
8282
8256
8232
8228
8247
8253
8267
8303
8331
8266
8323
8316
8301
8282
8341
8294
8310
8336
8373
8319
8279
8311
8377
8305
8296
8322
8380
8392
8320
8331
8331
8331
8328
8329
8396
8335
8333
8257
8419
8401
8272
8270
8379
8297
8402
8329
8331
8371
8321
8406
8340
8338
8346
8408
8348
8343
8342
8418
8350
8354
8464
8420
8357
8423
8364
8356
8428
8366
8342
8429
8333
8337
8336
8348
8372
8436
8383
8374
8441
8391
8446
8446
8395
8448
8449
8397
8378
8339
8449
8319
8450
8451
8409
8457
8459
8412
8409
8459
8460
8414
8417
8350
8338
8398
8411
8360
8382
8401
8433
8372
8435
8376
8422
8412
8396
8403
8437
8462
8392
8366
8423
8423
8420
8420
8417
8420
8464
8424
8470
8426
8471
8425
8471
8429
8476
8476
8430
8434
8480
8363
8443
8369
8426
8380
8439
8420
8455
8433
8461
8483
8424
8456
8440
8445
8441
8486
8486
8488
8488
8447
8491
8492
8451
8451
8437
8478
8494
8439
8439
8495
8452
8456
8500
8458
8517
8463
8460
8464
8477
8519
8471
8477
8523
8428
8479
8578
8441
8448
8444
8443
8436
8444
8480
8450
8445
8517
8453
8537
8482
8465
8467
8532
8483
8533
8482
8543
8498
8492
8555
8504
8454
8562
8510
8472
8565
8518
8512
8572
8521
8522
8573
8574
8577
8525
8513
8526
8526
8526
8713
8444
8565
8497
8462
8552
8535
8511
8493
8490
8532
8523
8575
8521
8526
8525
8486
8498
8521
8578
8533
8527
8527
8586
8547
8539
8542
8540
8586
8589
8556
8544
8544
8559
8559
8555
8562
8598
8539
8562
8569
8544
8585
8601
8563
8542
8601
8568
8604
8609
8528
8571
8576
8647
8616
8579
8578
8580
8580
8618
8582
8581
8583
8615
8651
8589
8559
8593
8626
8591
8627
8590
8627
8593
8593
8585
8628
8595
8631
8597
8594
8587
8633
8598
8634
8563
8564
8601
8566
8638
8604
8604
8640
8605
8641
8609
8569
8646
8614
8571
8647
8573
8578
8618
8581
8619
8598
8573
8646
8589
8624
8597
8597
8600
8618
8620
8637
8619
8592
8607
8592
8602
8611
8613
8633
8619
8658
8625
8660
8664
8630
8670
8634
8640
8674
8677
8645
8646
8645
8677
8648
8652
8680
8683
8653
8683
8613
8593
8624
8626
8640
8675
8645
8646
8648
8688
8658
8689
8664
8698
8668
8666
8666
8670
8671
8670
8727
8674
8648
8693
8672
8666
8675
8664
8709
8681
8682
8712
8713
8714
8723
8687
8715
8691
8716
8692
8716
8696
8721
8694
8721
8699
8743
8701
8703
8657
8708
8657
8729
8706
8732
8687
8709
8681
8704
8734
8711
8738
8709
8678
8677
8715
8697
8699
8715
8676
8714
8740
8741
8717
8716
8718
8690
8315
8685
8674
8705
8725
8708
8732
8715
8709
8722
8747
8725
8728
8736
8717
8750
8739
8723
8754
8742
8731
8761
8744
8742
8762
8747
8763
8735
8760
8743
8749
8761
8749
8764
8741
8753
8764
8735
8751
8750
8751
8766
8756
8753
8755
8762
8885
8775
8748
8750
8759
8772
8776
8765
8779
8769
8774
8784
8770
8763
8766
8784
8786
8756
8763
8769
8780
8770
8778
8768
8782
8800
8785
8813
8803
8788
8790
8808
8809
8793
8804
8773
8796
8814
8796
8822
8802
8823
8781
8792
8813
8805
8805
8824
8806
8790
8801
8829
8829
8818
8795
8817
8830
8823
8808
8816
8790
8836
8826
8826
8826
8825
8825
8834
8838
8818
8829
8834
8839
8830
8846
8845
8823
8828
8839
8829
8855
8836
8848
8837
8838
8839
8862
8842
8835
8852
8826
8841
8842
8858
8849
8848
8839
8867
8850
8853
8858
8817
8854
8847
8868
8877
8854
8862
8851
8878
8868
8882
8866
8874
8863
8872
8885
8875
8869
8880
8878
8890
8879
8880
8938
8896
8884
8884
8884
8901
8902
8883
8887
8892
8894
8875
8903
8931
8893
8911
8870
8921
8922
8906
8910
8910
8884
8904
8902
8933
8913
8906
8912
8935
8914
8912
8934
8928
8915
8916
8915
8920
8942
8913
8914
8931
8923
8969
8921
8936
8961
8938
8939
8887
8966
8931
8956
8931
8945
8944
8963
8963
8971
8954
8948
8979
8958
8951
8984
8960
8960
8959
8994
8988
8995
8967
8944
8886
8966
8951
8998
8971
9055
9000
8960
8949
8979
8955
8970
8960
8975
9005
8980
8977
9010
8984
9014
8989
8967
8974
9019
8972
8938
8992
9027
8999
9029
8999
9005
8984
9006
9036
9003
9007
8975
9014
9009
8989
9002
9043
9016
9011
8999
9012
9015
9048
9019
9053
8995
9020
9055
9025
9028
9022
9028
9023
9029
9064
9033
9067
9067
9040
9045
9076
9043
9081
9044
9084
9046
9085
9016
9008
9050
9046
9031
9090
9055
9132
9091
9028
9062
9036
9031
9061
9041
9068
9085
9053
9085
9054
9047
9094
9064
9100
9068
9039
9104
9070
9122
9106
9062
9060
9099
9064
9079
9078
9087
9087
9107
9072
9091
9034
9064
9089
9123
9097
9093
9127
9100
9165
9101
9135
9104
9082
9094
9106
9109
9140
9143
9112
9145
9113
9106
9146
9116
9148
9118
9119
9151
9119
9104
9120
9154
9058
9154
9070
9139
9124
9156
9157
9160
9127
9160
9132
9094
9154
9086
9113
9123
9122
9117
9112
9088
9171
9146
9120
9118
9144
9146
9123
9143
9168
9140
9205
9113
9125
9114
9142
9138
9154
9176
9155
9186
9164
9164
9166
9200
9165
9227
9200
9167
9170
9163
9229
9141
9126
9184
9166
9200
9201
9168
9206
9172
9171
9171
9209
9180
9180
9204
9210
9136
9167
9212
9183
9216
9189
9190
9194
9217
9223
9195
9186
9224
9196
9150
9177
9182
9202
9172
9212
9189
9176
9207
9164
9229
9208
9230
9208
9230
9210
9210
9232
9216
9213
9212
9238
9239
9221
9210
9224
9240
9224
9224
9224
8749
9241
9200
9190
9215
9225
9226
9218
9243
9134
9193
9231
9230
9246
9211
9245
9214
9236
9247
9225
9253
9224
9244
9239
9233
9229
9241
9241
9239
9219
9255
9254
9245
9259
9245
9240
9247
9249
9262
9235
9259
9248
9255
9256
9261
9250
9252
9277
9250
9262
9262
9255
9276
9264
9277
9265
9248
9262
9277
9263
9278
9271
9313
9292
9273
9274
9296
9280
9299
9307
9286
9268
9271
9281
9273
9274
9314
9293
9287
9316
9293
9307
9298
9332
9309
9334
9312
9337
9314
9290
9338
9316
9316
9292
9308
9319
9340
9294
9316
9340
9314
9326
9320
9298
9349
9323
9349
9322
9322
9324
9340
9326
9327
9351
9326
9333
9334
9359
9360
9345
9335
9315
9338
9330
9375
9346
9407
9376
9353
9353
9351
9380
9387
9356
9354
9389
9361
9398
9363
9400
9367
9401
9370
9366
9344
9326
9365
9356
9362
9370
9351
9347
9376
9408
9376
9370
9376
9418
9383
9387
9391
9429
9392
9430
9396
9383
9368
9435
9402
9400
9376
9435
9409
9441
9411
9411
9412
9444
9411
9358
9379
9425
9402
9420
9378
9399
9415
9417
9446
9419
9444
9447
9417
9453
9425
9399
9456
9459
9435
9431
9432
9430
9430
9431
9461
9436
9462
9440
9441
9463
9441
9439
9463
9444
9469
9428
9467
9415
9480
9417
9444
9428
9435
9462
9424
9462
9446
9467
9447
9468
9437
9448
9459
9438
9454
9470
9459
9434
9453
9449
9473
9457
9473
9489
9465
9491
9467
9449
9471
9485
9471
9452
9453
9488
9472
9488
9460
9466
9489
9474
9477
9478
9491
9494
9446
9463
9456
9472
9487
9475
9498
9487
9473
9485
9483
9473
9503
9477
9480
9495
9494
9510
9414
9489
9483
9500
9497
9512
9497
9507
9516
9500
9516
9501
9504
9498
9514
9509
9499
9510
9503
9511
9517
9518
9530
9518
9531
9532
9520
9517
9534
9523
9522
9526
9538
9519
9518
9536
9520
9528
9543
9543
9538
9544
9538
9551
9539
9553
9530
9529
9521
9540
9541
9546
9544
9546
9545
9546
9553
9556
9553
9553
9530
9554
9558
9546
9556
9555
9556
9560
9556
9566
9557
9547
9564
9570
9557
9556
9560
9565
9563
9564
9567
9564
9563
9569
9555
9559
9570
9571
9571
9576
9577
9583
9579
9590
9585
9588
9585
9581
9587
9586
9589
9592
9589
9569
9593
9591
9594
9589
9594
9592
9578
9596
9594
9596
9597
9597
9599
9601
9605
9605
9596
9609
9606
9605
9608
9612
9617
9614
9608
9610
9617
9613
9623
9620
9617
9618
9619
9621
9620
9619
9622
9622
9624
9623
9624
9623
9625
9630
9626
9632
9633
9635
9636
9639
9639
9639
9632
9639
9641
9644
9644
9641
9644
9648
9648
9650
9650
9652
9650
9652
9654
9654
9653
9654
9661
9676
9666
9663
9666
9661
9667
9664
9666
9670
9669
9673
9670
9668
9672
9676
9657
9663
9683
9678
9673
9682
9683
9684
9681
9686
9680
9683
9686
9688
9687
9688
9689
9690
9698
9698
9698
9731
9707
9704
9698
9702
9713
9709
9706
9710
9718
9704
9714
9709
9721
9717
9717
9719
9730
9718
9725
9722
9722
9711
9723
9717
9725
9731
9725
9735
9734
9734
9735
9712
9727
9722
9734
9735
9737
9724
9687
9736
9738
9733
9735
9738
9740
9741
9740
9741
9741
9742
9742
9743
9744
9745
9745
9749
9750
9750
9750
9750
9750
9749
9751
9751
9751
9747
9754
9762
9755
9757
9752
9759
9760
9757
9761
9764
9765
9762
9767
9778
9769
9772
9775
9773
9780
9772
9775
9776
9772
9780
9773
9768
9780
9779
9785
9789
9786
9789
9785
9787
9794
9794
9795
9796
9797
9797
9801
9802
9802
9802
9804
9804
9806
9804
9808
9806
9803
9816
9808
9810
9812
9805
9815
9816
9814
9816
9819
9821
9820
9820
9825
9825
9820
9819
9817
9821
9821
9820
9827
9828
9820
9823
9836
9835
9827
9842
9833
9833
9842
9836
9836
9836
9820
9822
9837
9839
9829
9824
9845
9845
9861
9848
9856
9860
9863
9837
9861
9853
9863
9862
9863
9865
9865
9865
9878
9877
9874
9878
9868
9872
9877
9881
9885
9882
9886
9888
9886
9882
9876
9890
9890
9885
9888
9893
9891
9893
9890
9892
9893
9896
9896
9897
9896
9897
9900
9900
9900
9901
9903
9905
9913
9908
9909
9910
9909
9909
9922
9916
9919
9894
9921
9923
9924
9923
9923
9920
9928
9914
9925
9922
9928
9928
9928
9932
9933
9928
9934
9938
9937
9938
9939
9939
9929
9939
9937
9939
9941
9945
9949
9948
9953
9949
9945
9950
9949
9946
9952
9954
9957
9964
9963
9963
9957
9958
9959
9960
9961
9963
9965
9963
9964
9971
9973
9979
9974
9976
9981
9976
9970
9989
9981
9981
9989
9983
9977
9985
9989
9983
9991
9988
9988
9990
9993
9976
9974
9991
9995
9994
9995
9990
9993
9995
9996
9999
9998
9999
