10
0
0
41
4
5
6
6
8
6
12
5
10
8
6
7
16
15
9
19
0
7
11
10
9
30
16
27
12
18
19
31
21
22
23
25
38
27
35
28
31
30
51
33
36
27
46
16
40
3
50
47
46
46
50
50
55
1
44
51
42
38
53
55
56
57
59
60
68
67
68
71
61
75
69
70
71
71
71
68
70
80
73
64
89
79
81
72
84
87
91
91
85
89
83
83
90
90
72
84
100
93
96
98
100
90
102
101
99
104
106
106
109
110
113
111
115
111
117
116
113
115
228
118
118
120
118
124
124
129
140
125
126
127
129
129
122
137
130
132
135
121
142
137
144
140
146
148
147
137
144
144
153
154
154
180
142
148
147
159
142
163
141
163
152
135
150
154
145
152
155
155
146
159
147
145
161
168
178
163
161
186
167
177
171
185
189
178
178
163
127
191
181
207
159
183
184
185
183
185
129
197
186
188
204
190
190
207
192
195
214
197
201
195
214
202
204
191
203
203
206
225
167
208
193
155
212
210
211
237
218
231
181
219
226
219
774
228
229
229
240
231
231
221
240
236
236
229
249
249
248
242
252
289
254
255
254
257
258
258
270
257
257
263
255
257
258
258
251
268
259
271
260
263
256
260
264
264
266
268
269
269
253
281
271
285
259
271
277
277
283
283
285
285
271
290
286
290
311
303
297
295
296
301
304
300
303
300
300
305
304
299
304
314
309
327
313
309
313
321
323
328
327
324
326
322
327
329
329
330
330
344
334
344
339
353
345
349
349
339
328
371
351
363
345
351
365
358
359
349
363
363
353
403
380
370
400
391
371
368
392
412
355
378
372
379
384
397
411
377
400
388
387
417
395
384
420
384
393
593
406
610
608
388
415
413
411
607
399
418
415
601
416
416
397
599
419
412
595
421
408
423
591
361
424
353
371
416
410
417
430
426
424
435
424
421
436
428
428
436
431
439
435
442
444
436
432
427
431
436
444
443
436
467
428
429
443
456
447
451
463
449
438
448
452
458
459
455
449
447
449
453
463
456
458
456
461
556
466
545
457
479
469
481
471
481
488
484
476
488
480
470
490
482
485
488
490
486
489
492
487
504
494
496
474
472
486
488
478
496
491
496
500
504
512
503
497
513
513
506
505
507
509
507
513
508
494
496
507
521
514
519
527
516
520
521
557
557
525
527
532
523
533
531
536
514
514
532
539
532
532
534
534
539
535
539
541
543
540
536
544
540
553
550
544
550
549
558
551
562
550
558
562
568
571
563
556
572
558
569
564
578
585
570
579
575
581
577
580
569
571
579
586
611
588
578
582
580
567
590
581
579
581
590
603
591
605
607
610
593
596
592
607
622
608
610
610
623
610
612
611
588
615
625
624
614
598
620
621
632
622
614
633
624
625
637
626
638
617
633
623
634
624
621
642
630
640
639
641
651
628
642
646
641
652
646
643
648
655
642
632
642
652
656
653
650
653
660
655
659
655
666
662
649
653
657
659
660
670
688
666
671
683
675
675
667
667
705
675
691
673
679
677
679
692
679
695
686
689
683
695
693
701
693
696
704
697
769
698
684
692
697
708
701
709
701
701
699
699
709
703
707
707
714
710
714
711
709
717
714
721
711
716
711
715
718
716
719
720
718
720
722
730
722
722
725
725
728
726
729
729
731
823
731
728
770
736
736
737
736
741
740
747
747
746
748
742
740
750
751
751
751
752
753
754
755
756
756
758
763
763
774
766
763
771
766
775
773
772
778
778
771
776
781
781
785
773
780
775
786
785
783
785
786
788
791
787
791
791
788
792
791
793
794
796
798
796
799
800
801
799
802
802
804
805
809
811
810
825
810
810
816
823
819
836
823
817
811
833
823
826
838
732
731
838
832
831
833
845
838
854
848
828
852
849
876
868
854
857
868
856
854
842
869
859
871
860
871
872
866
866
867
853
841
869
857
869
858
861
869
856
860
880
872
881
873
866
878
894
883
881
880
896
898
886
875
895
893
895
904
894
896
905
881
896
898
897
868
900
900
904
902
904
904
902
886
875
913
907
919
890
921
924
912
912
908
910
926
909
914
930
934
909
918
934
934
930
927
930
930
932
944
931
928
936
934
927
938
941
935
930
938
939
945
926
925
934
945
950
947
947
949
950
954
949
946
950
941
952
954
943
950
960
958
963
964
962
957
964
964
962
962
964
970
970
974
976
973
980
978
969
975
975
982
980
980
953
981
978
981
982
980
982
985
988
985
989
981
995
990
991
991
996
999
997
998
993
998
998
998
