Algoritma : quicksort-asc1k  Süre (ms): 0.1243
0
0
1
0
4
3
51
7
6
9
10
5
23
7
6
8
9
8
6
10
10
5
11
31
6
16
16
27
12
18
22
19
21
46
16
25
27
27
40
28
30
38
42
12
15
33
46
38
30
36
50
41
44
46
35
55
47
50
50
19
51
84
55
31
59
56
57
61
60
212
71
71
68
75
64
69
70
67
71
71
68
70
72
84
83
80
79
72
81
89
91
90
53
87
89
83
91
90
90
100
100
106
93
96
99
73
102
68
106
85
104
111
98
109
111
110
101
116
118
113
115
117
115
118
118
113
120
127
124
129
121
125
135
122
126
135
129
129
124
137
132
127
142
137
145
145
146
147
141
142
152
129
152
140
137
155
130
140
144
159
147
163
148
167
142
144
144
167
155
154
155
154
146
147
159
159
154
178
163
161
163
163
150
148
153
185
171
177
186
185
181
180
193
183
183
191
184
185
168
178
186
202
178
189
204
190
191
208
181
161
195
195
197
201
188
197
203
204
190
203
206
207
192
207
210
219
229
214
214
218
219
231
221
225
226
412
229
236
229
231
231
236
211
228
228
237
240
240
249
248
242
249
251
255
252
254
255
257
258
256
260
257
257
253
263
258
258
254
268
285
257
271
263
264
258
259
266
268
259
269
270
283
271
283
271
289
277
281
264
271
269
285
285
277
300
286
300
260
290
295
290
305
300
303
297
309
303
296
304
301
299
309
304
313
313
311
314
327
322
327
326
328
323
324
327
329
328
321
304
330
330
334
344
339
349
344
353
345
370
380
363
351
353
353
365
349
355
359
372
345
349
351
363
368
371
361
388
371
392
400
358
363
391
371
384
379
377
388
411
387
415
384
416
395
418
397
420
400
339
423
406
393
428
428
329
410
999
431
378
421
408
384
417
397
415
399
435
412
427
417
436
438
424
424
403
416
443
428
416
447
430
424
413
463
419
421
436
444
432
411
436
436
439
435
431
456
436
453
442
458
448
429
444
459
455
426
452
449
449
467
471
447
451
470
456
478
457
482
466
481
487
469
488
472
443
490
463
491
512
481
480
479
497
485
496
456
474
486
488
488
461
486
506
489
507
492
508
490
496
476
458
496
449
484
488
494
504
527
496
503
507
504
500
505
525
509
494
513
532
532
514
513
520
514
514
550
516
523
521
519
531
507
549
532
513
550
534
533
535
527
544
540
539
532
534
536
557
543
540
541
580
558
521
539
557
562
545
539
569
569
544
562
553
558
550
551
575
580
567
581
564
570
581
586
556
572
588
571
592
578
593
579
579
558
536
595
581
556
577
596
563
593
582
568
571
588
579
608
614
585
590
599
601
598
612
578
617
607
607
590
608
622
622
610
610
610
605
623
611
591
624
603
607
591
610
620
637
614
624
625
621
615
623
625
610
624
638
626
639
632
628
611
621
652
642
633
634
642
640
651
643
642
650
633
649
646
641
655
648
642
655
632
652
653
659
630
641
646
653
660
666
657
679
656
659
666
662
673
667
653
660
671
670
683
686
677
655
667
675
699
683
684
696
679
697
697
691
701
675
679
689
701
695
693
695
705
707
675
688
699
709
692
692
698
708
709
693
701
707
704
703
716
710
716
711
709
714
701
711
715
714
717
719
718
711
720
722
720
722
714
718
721
725
725
728
722
728
729
730
729
731
731
726
731
736
732
736
736
737
740
740
741
742
747
751
751
750
748
753
746
747
751
754
756
755
756
758
763
766
766
763
773
772
770
771
763
773
775
791
774
776
771
775
778
783
769
780
781
774
778
785
785
786
781
788
787
785
788
786
791
791
752
791
793
794
796
796
798
799
799
800
801
804
802
802
805
809
811
810
810
810
811
816
823
823
832
817
819
838
823
826
836
831
833
842
825
823
838
841
792
854
828
833
848
849
861
838
854
854
853
845
856
868
852
869
868
857
866
856
860
866
859
857
875
867
876
868
878
860
871
880
871
872
881
869
858
872
866
869
896
894
875
881
880
883
896
890
897
881
900
893
904
904
886
896
886
869
873
895
895
904
904
894
902
898
900
898
902
905
913
909
907
908
921
912
912
914
926
919
910
926
925
930
934
927
928
934
934
930
930
930
938
936
909
934
924
927
932
918
938
939
935
934
949
930
941
943
944
931
947
941
945
950
946
952
949
945
964
953
950
950
957
954
954
958
960
962
962
962
964
963
964
947
950
964
969
970
975
974
975
970
976
980
978
980
981
973
978
980
981
981
980
982
982
982
985
985
989
990
988
991
997
996
995
998
991
993
998
998
998
