Algoritma : quicksort-desc1k  Süre (ms): 0.1275
4
0
0
1
3
5
6
6
8
19
10
6
27
8
6
7
9
10
10
11
0
19
12
15
16
16
16
25
18
161
31
5
21
23
7
27
22
12
38
28
9
31
41
30
35
38
27
50
40
42
50
30
46
46
36
55
50
53
46
33
67
55
47
44
51
56
57
59
68
51
80
71
68
68
60
72
71
71
71
61
70
85
72
75
84
69
79
89
64
83
84
73
70
87
89
81
90
90
90
96
83
93
98
91
99
91
106
102
100
101
104
111
109
120
100
115
115
118
113
110
106
116
121
118
117
118
113
127
111
129
126
146
127
125
129
135
124
124
130
135
129
132
142
122
144
140
129
147
163
142
137
137
152
144
154
146
145
147
147
141
145
144
148
163
142
150
155
153
167
140
154
155
155
137
159
159
159
161
178
148
152
181
163
180
184
177
186
168
171
178
190
185
189
195
163
183
183
197
185
167
195
202
203
203
229
190
178
192
191
191
853
181
494
197
214
185
186
154
193
221
204
219
206
207
201
208
211
214
228
210
204
231
219
188
207
225
228
240
226
229
229
236
231
218
231
236
303
212
240
253
248
249
249
251
254
255
254
257
259
242
237
256
257
260
255
257
258
258
252
269
259
271
258
263
257
260
264
264
266
271
269
263
268
268
270
285
271
258
277
281
290
283
285
285
277
297
286
290
295
300
300
300
299
283
304
309
289
301
303
379
304
271
304
313
305
309
313
311
296
314
322
323
321
326
327
327
328
327
328
329
330
330
329
339
380
349
345
339
345
344
353
349
324
363
351
351
361
353
355
344
359
353
358
371
363
365
378
370
388
371
363
388
377
368
397
400
371
400
334
349
384
384
416
410
393
391
387
416
395
435
418
403
424
408
411
428
392
412
384
430
413
431
432
415
415
397
372
426
399
416
412
411
421
435
417
420
431
417
419
424
424
443
427
428
444
444
436
436
436
421
423
406
508
451
429
436
449
439
442
428
447
443
461
463
449
448
449
463
452
455
472
456
436
447
474
457
476
458
459
478
482
466
486
453
456
456
470
458
488
479
496
481
480
485
496
484
503
504
467
469
487
438
488
505
506
490
507
492
507
471
488
488
481
489
496
504
496
490
486
516
491
497
507
513
527
532
513
532
532
514
514
494
520
519
536
521
536
523
826
512
500
513
509
514
532
527
525
521
545
549
533
534
550
535
550
558
556
531
539
534
544
539
541
543
540
544
558
539
556
540
551
557
553
550
572
558
575
562
579
557
564
563
562
567
581
581
569
569
571
585
578
577
580
591
579
592
580
593
601
608
590
568
581
593
571
579
588
570
578
590
607
591
608
596
610
599
622
612
586
605
588
607
603
610
621
610
610
610
624
598
582
607
611
611
615
632
625
614
630
621
632
623
624
642
614
617
633
620
624
626
595
637
628
623
622
638
625
634
652
646
641
639
640
633
642
650
655
646
648
653
655
651
641
655
652
660
642
643
649
653
653
660
656
659
642
747
670
695
666
659
675
662
667
671
677
673
666
679
686
679
675
667
683
692
684
679
695
689
699
693
701
693
683
701
657
675
703
688
691
698
697
692
709
697
701
699
704
701
707
696
718
711
709
708
707
710
714
711
714
711
714
716
717
709
715
716
718
720
705
720
719
721
722
722
722
725
725
726
729
731
728
736
728
731
730
729
731
732
736
736
737
740
740
742
741
746
747
748
750
751
751
751
752
753
754
755
756
756
758
763
763
828
766
763
769
770
774
771
772
771
773
774
775
766
773
776
778
775
778
780
781
781
783
785
786
785
785
786
787
788
788
791
791
791
791
793
796
794
796
798
799
799
802
800
802
792
805
804
809
810
811
810
810
811
801
816
819
823
823
823
817
825
832
823
833
831
836
848
838
845
854
842
857
854
860
866
849
841
833
838
854
868
856
856
869
858
859
880
866
861
869
876
868
868
852
838
880
869
860
871
857
875
867
872
869
872
871
881
866
873
881
875
886
895
896
881
898
893
900
904
886
896
904
895
883
904
896
905
897
907
898
894
890
878
902
900
902
908
894
904
909
910
924
912
919
913
926
927
921
914
931
926
927
934
909
928
934
912
930
930
918
930
930
925
938
932
939
930
941
934
934
945
934
935
938
941
943
947
936
944
946
950
949
947
953
958
950
954
954
949
950
952
957
960
945
950
964
962
964
964
964
962
963
970
962
970
980
980
974
978
973
978
969
975
981
975
981
980
982
980
976
981
993
985
988
985
989
991
982
982
991
997
996
998
998
998
995
990
998
999
