Algoritma : quicksort-asc10k  Süre (ms): 0.9103
0
1
1
2
1
3
4
7
7
5
7
8
12
14
15
20
21
21
23
27
22
21
24
24
31
32
42
32
49
42
26
32
47
45
44
50
45
46
42
51
49
49
44
76
53
43
33
50
51
54
55
49
52
60
62
57
62
58
59
62
61
64
62
65
63
65
65
66
69
70
68
72
73
75
73
75
76
78
77
77
80
82
81
81
86
86
86
88
89
90
90
93
94
93
95
96
97
98
99
102
106
107
108
107
110
109
106
107
110
110
108
112
113
113
118
138
123
121
119
124
123
118
124
124
124
124
124
127
127
127
125
131
131
127
131
137
136
137
141
141
141
141
143
142
141
155
141
143
148
146
150
147
148
275
150
155
149
150
154
154
160
151
152
156
145
165
156
157
158
157
159
171
172
159
154
162
165
164
178
179
168
168
182
171
192
160
160
172
172
172
167
173
176
178
177
178
184
142
175
199
179
201
234
182
182
171
180
181
169
195
170
178
190
219
196
197
199
179
197
199
200
201
190
204
206
208
209
211
228
213
194
231
220
212
224
226
236
238
234
214
213
229
230
231
223
230
244
232
236
237
226
227
228
231
241
245
246
246
259
259
249
258
246
239
261
260
265
262
254
268
268
270
274
275
273
275
275
277
275
287
280
276
277
278
280
279
286
283
285
277
290
286
291
287
2325
290
286
290
291
292
298
284
292
294
296
295
298
310
300
300
311
292
303
304
307
326
299
300
304
313
314
318
315
335
317
317
324
315
318
332
319
337
307
324
315
332
331
329
321
332
332
317
334
323
343
336
338
344
348
345
348
348
329
345
349
353
352
354
354
358
359
359
363
362
364
386
366
368
370
371
371
373
375
385
378
375
379
385
381
381
397
383
376
385
389
365
365
390
391
394
392
390
387
394
394
393
395
395
396
397
400
400
403
400
404
399
401
409
404
404
402
413
407
414
408
407
404
415
415
419
417
419
405
419
420
426
434
432
431
437
428
426
432
437
438
440
441
442
439
440
440
444
444
439
444
445
447
447
446
447
461
448
453
450
451
451
457
464
458
455
452
458
457
456
453
464
475
450
468
464
464
471
472
468
448
469
471
472
465
472
468
471
468
483
475
476
476
481
478
479
474
493
492
482
473
485
490
483
486
494
492
502
493
482
496
507
491
498
508
499
500
522
508
514
517
506
508
499
503
509
518
510
521
503
511
512
567
527
530
514
513
509
515
520
520
513
521
534
511
505
524
541
542
528
528
543
531
532
537
533
535
537
536
565
554
538
539
539
540
541
541
527
542
542
521
551
543
543
568
545
566
561
549
553
553
511
577
578
585
558
585
561
540
564
553
576
586
568
498
549
570
571
573
576
555
555
586
558
588
586
601
628
566
532
531
587
586
594
586
588
615
598
599
600
586
605
609
602
606
619
610
617
624
619
624
610
621
621
621
617
595
622
632
616
634
620
632
637
622
624
633
634
623
632
635
637
636
633
646
639
644
641
650
645
648
665
722
663
649
652
664
651
658
657
660
659
657
665
665
646
640
667
671
670
668
672
667
673
673
674
691
675
676
676
667
678
680
675
684
681
686
680
687
691
693
698
695
694
693
694
696
695
695
703
699
703
702
704
708
699
700
708
708
707
704
704
716
710
716
712
713
716
719
709
714
725
717
700
727
718
718
721
732
723
725
728
730
728
723
722
738
730
714
731
732
722
729
733
738
740
739
741
741
731
742
747
752
750
753
755
760
761
756
763
758
757
760
767
760
762
762
761
772
761
762
763
757
755
765
766
767
767
782
765
769
790
770
772
746
774
790
760
776
782
794
769
793
785
790
790
774
803
792
794
804
781
783
798
798
799
810
796
801
826
814
801
804
804
798
805
810
799
850
811
812
774
824
806
834
815
816
822
834
820
831
812
822
843
816
824
801
824
838
814
827
827
828
831
832
819
864
822
835
837
838
840
856
841
842
842
863
845
830
864
860
851
867
867
819
853
856
871
841
855
874
901
813
853
853
850
877
866
852
867
885
885
868
869
869
870
890
870
856
871
871
869
874
897
874
857
881
900
879
1000
880
881
898
882
884
822
866
882
914
890
870
889
892
897
872
894
898
921
899
900
865
905
903
927
925
907
906
873
932
908
912
911
886
907
915
921
940
922
1086
875
860
925
926
928
949
926
976
952
929
930
932
931
906
961
983
940
937
940
933
931
923
942
943
903
968
988
945
971
942
927
929
970
1005
951
978
979
956
933
959
983
969
989
944
965
988
969
969
969
969
946
962
995
970
998
989
948
1010
973
1000
975
975
976
978
979
951
976
1009
970
981
981
982
1015
982
981
1018
983
983
1022
1024
984
968
969
969
1027
985
989
1034
947
994
995
950
996
997
971
1038
948
903
974
1002
1043
1003
1045
943
1052
1011
1015
1012
1014
1048
1017
1018
1018
1059
1018
985
1019
1021
981
1062
987
1025
1065
1020
1026
1027
1027
1027
1021
1028
1028
1029
958
935
1034
1078
1002
1043
999
1043
1042
1043
1038
1084
1087
1088
1044
1045
1088
1089
1046
982
1051
1096
1000
1047
1099
1054
1056
1018
1055
1060
1062
1060
957
1065
1063
1112
1064
1112
1113
1030
1116
1115
1071
1066
1069
1109
1074
1125
1074
1077
1125
1056
1130
1038
1082
1127
1086
1086
1043
1087
1087
1087
1092
1088
1088
1030
1045
1142
1091
1115
1092
1093
1147
1150
1081
1146
1099
1052
1098
1100
1107
1108
1110
1151
1112
1065
1025
1113
1164
1167
1113
1066
1168
1162
1055
1072
1117
1118
1118
1119
1119
1119
1120
1121
1121
1180
1122
1124
1125
1124
1078
1186
1189
1127
1079
1080
1132
1193
1193
1137
1195
1137
1141
1142
1134
1152
1144
1156
1147
1207
1097
1145
1148
1148
1151
1203
1307
1151
1213
1153
1158
1216
1163
1113
1113
1114
1072
1169
1255
1179
1171
1174
1180
1180
1170
1183
1222
1186
1233
1063
1187
1189
1185
1191
1192
1048
1134
1192
1194
1195
1242
1216
1196
1197
1144
1296
1204
1203
1253
1096
1096
1208
1258
1210
1211
1260
1197
1263
1262
1264
1214
1216
1159
1126
1217
1219
1271
1220
1274
1170
1138
1277
1273
1231
1280
1280
1281
1218
1234
1234
1236
1279
1288
1280
1194
1240
1353
1237
1246
1246
1247
1260
1199
1200
1251
1300
1253
1245
1249
1304
1305
1209
1441
1308
1309
1296
1260
1264
1262
1389
1212
1213
1317
1231
1265
1271
1121
1322
1384
1266
1272
1273
1327
1276
1275
1230
1254
1330
1279
1232
1280
1280
1233
1238
1239
1281
1232
1325
1285
1281
1282
1346
1287
1348
1239
1291
1294
1250
1250
1354
1297
1356
1301
1252
1355
1302
1304
1297
1305
1305
1298
1294
1434
1308
1370
1365
1259
1259
1373
1307
1310
1376
1317
1065
1269
1319
1320
1321
1321
1448
1621
1314
1323
1461
1364
1324
1228
1392
1327
1223
1325
1396
1329
1329
1332
1399
1332
1395
1329
1324
1340
1407
1404
1337
1342
1343
1346
1411
1287
1414
1348
1349
1413
1494
1354
1354
1354
1354
1309
1257
1425
1355
1356
1300
1431
1359
1427
1366
1367
1558
1435
1369
1376
1435
1311
1372
1375
1439
1444
1442
1461
1346
1378
1379
1322
1380
1381
1380
1383
1383
1327
1385
1385
1271
1464
1387
1379
1389
1389
1461
1390
1392
1329
1542
1396
1396
1396
1472
1402
1398
1399
1400
1400
1546
1335
1403
1404
1335
1405
1549
1262
1286
1410
1412
1368
1413
1414
1348
1343
1415
1416
1417
1418
1418
1420
1421
1354
1502
1424
1425
1505
1426
1429
1254
1420
1432
1433
1512
1601
1307
1489
1407
1520
1437
1438
1438
1439
1211
1211
1522
1442
1516
1443
1372
1445
1447
1323
1532
1455
1456
1534
1535
1459
1464
1468
1460
1282
1466
1472
1542
1485
1474
1476
1478
1477
1549
1551
1330
1478
1556
1484
1553
1475
1514
1485
1447
1453
1565
1487
1314
1560
1489
1491
1352
1494
1491
1497
1497
1494
1504
1502
1502
1423
1500
1505
1571
1505
1505
1583
1501
1585
1506
1510
1583
1511
1512
1512
1511
1510
1766
1513
1513
1435
1597
1599
1513
1606
1308
1516
1517
1605
1373
1521
1524
1443
1516
1526
1526
1527
1616
1532
1323
1562
1531
1534
1385
1622
1622
1614
1537
1612
1394
1544
1712
1406
1545
1478
1635
1484
1478
1634
1639
1549
1547
1635
1551
1546
1552
1554
1644
1554
1643
1558
1485
1650
1653
1367
1367
1612
1563
1562
1665
1656
1567
1660
1498
1574
1574
1579
1580
1745
1582
1583
1585
1659
1489
1506
1671
1603
1588
1590
1592
1513
1595
1590
1597
1597
1597
1598
1591
1680
1599
1572
1655
1601
1514
1691
1602
1629
1604
1605
1605
1586
1698
1544
1463
1613
1614
1532
1530
1539
1536
1617
1620
1385
1388
1535
1622
1623
1623
1625
1626
1717
1628
1610
1646
1484
1548
1635
1632
1551
1725
1636
1550
1640
1644
1480
1643
1643
1733
1646
1609
1647
1738
1653
1561
1741
1650
1653
1655
1745
1562
1563
1745
1657
1657
1658
1573
1663
1665
1748
1568
1504
1667
1669
1671
1671
1672
1672
1764
1604
1673
1673
1675
1675
1675
1678
1683
1599
1775
1775
1685
1690
1691
1582
1762
1513
1515
1693
1694
1698
1695
1697
1636
1701
1706
1702
1705
1707
1628
1709
1796
1717
1784
1714
1711
1718
1719
1803
1726
1720
1723
1832
1726
1692
1727
1729
1727
1812
1734
1729
1693
1736
1738
1485
1741
1739
1822
1737
1738
1649
1743
1665
1656
1829
1826
1748
1803
1655
1834
1755
1798
1757
1764
1764
1761
1841
1692
1767
1774
1845
1684
1776
1776
1848
1780
1780
1852
1851
1796
1829
1856
1845
1717
1798
1797
1798
1918
1751
1803
1803
1866
1719
1804
1804
1805
1807
1808
1928
1814
1810
1813
1730
1741
1817
1822
1881
1822
1820
1808
1823
1829
1858
1830
1656
1746
1753
1833
1834
1891
1901
1836
1841
1663
1845
1845
1901
1774
1847
1849
1784
1855
1852
1853
1781
1912
1855
1856
1856
1796
1915
1857
1858
1918
1864
1863
1932
1865
1866
1866
1719
1873
1868
1877
1873
1873
1873
1869
1865
1873
1873
1809
1937
1874
1875
1875
2054
1932
1822
1879
1881
1882
1882
1882
1995
1884
1952
1884
1887
1888
1950
1748
1890
1894
1833
1895
1961
1896
1899
1901
1901
1898
1889
1969
1972
1792
1903
1974
1850
1906
1904
1907
1796
1913
1915
1976
1914
1902
1983
1628
1918
1862
1916
1994
1989
1990
1873
1873
1924
2045
1945
2022
1933
1933
1934
1935
1935
1936
1937
1942
1941
2004
1927
1945
1947
1877
1950
1885
1951
1954
1889
2008
1955
1996
1956
1910
1957
2056
1895
1963
1963
1958
1968
1968
1675
1902
1905
2033
2032
1976
1980
1977
1979
2038
1949
1983
1985
1916
2043
1987
1989
1921
1923
1990
1990
2049
1991
2043
1995
1995
1929
2077
1996
2055
1997
1999
1998
2003
2063
2061
2007
2010
2012
2069
2084
2012
2013
2014
2073
2016
2018
2018
2019
2090
1961
2087
2024
2024
2089
2028
2038
2029
2032
1968
1975
2086
2094
2039
2025
2094
2091
1929
2098
2098
2045
1988
2101
2050
2052
2053
2105
2054
2107
1941
2058
2054
2059
2063
2006
1956
2064
2062
2067
2118
2068
2068
2125
2070
2073
2015
2113
2185
2073
2074
1996
1873
2023
2128
2076
2079
2135
2086
2081
2138
2090
2090
1956
2075
2091
2091
2145
2040
2095
2146
2140
2097
1981
2098
2040
1921
2099
2101
2157
2097
2103
2105
2162
2104
2107
2107
2107
2083
2131
2168
2025
2071
2164
2118
2117
2117
2109
2175
2011
2125
2121
2121
2125
2126
2072
2184
2240
2130
2188
2188
2134
2135
2137
2019
2135
2194
2138
2137
2080
2139
2197
2141
2150
1981
2143
2145
2145
2096
2146
2208
2043
2147
2148
2149
2161
2156
2157
2216
2101
2159
2158
2219
2160
2222
1876
2114
2163
2168
2176
2113
2171
2171
2171
2119
2172
2231
2160
2178
2237
2184
2184
2209
2180
2194
2185
2246
2187
2246
2244
2135
2190
2191
2193
2252
2141
2195
2197
2140
2199
2199
2201
2255
2204
2146
2207
2242
2203
2211
2267
2209
2269
2214
2212
2213
2213
2274
2275
2216
2157
2220
2217
2219
2281
2220
2155
2285
2221
2222
2186
2224
2226
2169
2286
2234
2232
2234
2237
2180
2236
2282
2360
2225
2301
2128
2303
2126
2078
2242
2243
2308
2186
2246
2132
2133
2247
2250
2252
2250
2208
2254
2256
2316
2258
2260
2322
2266
2312
2267
2220
2268
2272
2212
2212
2270
2230
2274
2275
2275
2275
2338
2216
2268
2277
2281
2282
2236
2345
2284
2215
2227
2291
2351
2348
2292
2490
2294
2295
2356
2298
2299
2299
2361
2299
2362
2245
2300
2365
2238
2303
2302
2242
2370
2307
2308
2375
2244
2375
2313
2202
2314
2316
2320
2318
2320
2325
2384
2323
2264
2390
2503
2326
2269
2329
2330
2393
2393
2333
2326
2335
2338
2275
2280
2339
2345
2339
2343
2344
2405
2337
2347
2410
2286
2349
2350
2351
2337
2412
2356
2357
2416
2352
2299
2359
2299
2421
2361
2362
2361
2301
2363
2365
2364
2428
2366
2433
2434
2307
2370
2374
2375
2439
2437
2376
2377
2443
2381
2442
2384
2383
2384
2380
2376
2387
2452
2267
2330
2392
2393
2394
2454
2385
2395
2396
2467
2399
2401
2400
2340
2402
2404
2406
2399
2471
2409
2348
2415
2420
2415
2361
2423
2416
2417
2295
2482
2418
2446
2423
2486
2299
2424
2425
2492
2426
2492
2300
2432
2433
2434
2370
2434
2495
2373
2436
2437
2437
2439
2508
2440
2310
2424
2572
2443
2322
2378
2444
2514
2446
2510
2518
2517
2448
2520
2385
2451
2452
2452
2524
2519
2455
2458
2456
2411
2460
2462
2532
2461
2469
2504
2408
2471
2471
2470
2472
2544
2472
2475
2475
2540
2476
2682
2478
2476
2480
2482
2541
2418
2555
2484
2485
2486
2408
2431
2493
2586
2486
2561
2496
2567
3146
2499
2500
2502
2559
2505
2438
2450
2575
2510
2444
2513
2514
2581
2534
2516
2517
2517
2447
2586
2570
2520
2450
2522
2522
2331
2524
2600
2526
2526
2470
2598
2529
2657
2531
2533
2399
2529
2536
2536
2607
2542
2609
2606
2545
2476
2548
2613
2548
2551
2478
2482
2552
2615
2554
2555
2624
2603
2554
2481
7312
2353
2684
2561
2562
2564
2566
2433
2567
2566
2637
2643
2441
2571
2515
2575
2643
2574
2519
2576
2580
2445
2583
2632
2652
2453
2584
2585
2655
2657
2656
2525
2527
2595
2598
2591
2600
2662
2600
2592
2570
2602
2546
2607
2621
2609
2608
2609
2474
2736
2610
2666
2668
2612
2548
2682
2553
2616
2620
2621
2623
2555
2626
2499
2686
2631
2630
2627
2795
2635
2509
2636
2637
2646
2569
2638
2641
2629
2637
2916
2707
2648
2635
2710
2651
2586
2653
2655
2655
2651
2655
2587
2663
2590
2657
2594
2594
2600
2662
2726
2727
2660
2665
2555
2669
2669
2603
2671
2671
2674
2676
2546
2725
2680
2548
2614
2683
2744
2292
2686
2689
2629
2691
2685
2693
2747
2632
2699
2699
2708
2643
2758
2702
2704
2757
2707
2810
2706
2695
2766
2808
2725
2713
2720
2723
2722
2722
2717
2768
2724
2777
2726
2727
2664
2781
2679
2725
2728
2678
2732
2790
2737
2734
2790
2803
2741
2744
2684
2567
2746
2749
2695
2664
2752
2755
2756
2757
2758
2758
2806
2705
2761
2762
2881
2766
2766
2762
2739
2742
2810
2698
2718
2695
2768
2772
2775
2777
2777
2777
2826
2779
2824
2782
2783
2781
2785
2787
2737
2836
2838
2782
2838
2791
2768
2752
2842
2798
2798
2700
2799
2799
2848
2806
2885
2804
2794
2807
2710
2892
2811
2767
2894
2813
2811
2816
2808
2863
2826
2865
2768
2828
2827
2825
2902
2835
2835
2790
2785
2835
2876
2743
2839
2880
2795
2848
2848
2848
2800
2882
2882
2852
2853
2854
2888
2855
2894
2856
2953
2862
2896
2897
2824
2826
2863
2868
2901
2870
2854
2835
2907
2906
2873
2839
2910
2879
2842
2911
2847
2913
2791
2739
2883
2919
2879
2881
2886
2888
2890
2890
2970
2965
2855
2929
2894
2863
2895
2896
2865
2876
2897
2897
2892
2898
2869
2902
2870
2899
2903
2906
2871
2906
2907
2940
2894
2909
2910
2909
2909
2951
2983
2763
2960
2913
2915
2915
2958
2919
2850
2916
2916
2921
2921
2923
2992
2926
2926
2973
2889
2925
2970
2929
2925
2810
2931
2934
2911
2931
2984
2906
2945
2949
2939
2948
2985
3021
2858
2870
2955
2956
2959
2706
2650
3053
2958
2961
3001
2962
2963
2891
3007
2926
3006
2927
2976
3010
2984
2984
2935
2982
2985
3023
2941
2987
2990
3022
2991
3000
2926
3025
2996
3027
3024
2958
3062
3031
2995
3004
3035
3035
3006
2967
2926
3008
3010
3042
3042
3043
3016
2985
3012
3017
3018
2991
3048
3022
3025
3054
3025
2973
3027
3026
3027
3028
3060
3030
3029
3062
3000
3031
3066
3034
3029
3032
3064
3005
3006
3038
3038
3075
3039
3043
3011
2978
3039
3030
3043
3015
3085
3085
3049
3047
3090
3050
2951
3051
3025
3054
3094
2999
3098
2999
3096
2999
3061
3056
3002
3067
3063
3055
3106
3107
3066
3105
3084
3100
3069
3070
3066
3072
3075
3076
3034
3041
3077
3078
3079
3079
3081
3082
3126
2931
3085
3047
3094
3086
3088
3050
3088
3093
3094
3083
3057
3074
3095
3060
3142
3098
3098
3074
3141
3100
3101
3062
3063
3102
3103
3104
3106
3107
3190
3066
3158
3108
3109
3106
3110
3110
3164
3113
3199
3116
3113
3117
3170
3120
3116
3186
3131
3133
3212
3134
3134
3131
3031
3139
3142
3098
3140
3099
3186
3146
3148
3155
3261
3156
3156
3150
3157
3158
3196
3160
3164
3111
3111
3165
3165
3166
3166
3168
3170
3170
3209
3209
3171
3168
3213
3175
3177
3221
3179
3182
3186
3184
3186
3235
3181
3145
3187
3222
3226
3191
3192
3191
3193
3196
3196
3230
3194
3188
3199
3222
3200
3203
3200
3240
3243
3208
3126
3209
3246
3205
3134
3210
3173
3133
3242
3176
3100
3218
3216
3215
3220
3220
3222
3224
3263
3261
3225
3226
3226
3160
3270
3233
3267
3232
3236
3237
3238
3276
3223
3263
3204
3243
3246
3248
3206
3214
3250
3285
3252
3254
3254
3257
3156
3064
3292
3293
3244
3266
3268
3227
3196
3273
3273
3273
3274
3307
3241
3171
3281
3309
3285
3310
3310
3286
3292
3313
3262
3293
3293
3317
3316
3290
3320
3297
3301
3372
3325
3284
3285
3327
3301
3330
3327
3293
3317
3317
3334
3317
3337
3333
3293
3318
3319
3320
3319
3342
3321
3380
3346
3326
3348
3327
3329
3275
3350
3353
3357
3334
3336
3317
3315
3359
3339
3343
3367
3345
3346
3346
3275
3354
3347
3347
3348
3348
3348
3353
3349
3351
3311
3352
3352
3353
3378
3361
3421
3354
3332
3385
3358
3359
3359
3313
3354
3391
3263
3366
3398
3362
3367
3368
3303
3370
3293
3401
3324
3378
3345
3323
3381
3382
3408
3404
3385
3370
3387
3413
3387
3391
3391
3414
3370
3393
3394
3366
3375
3427
3401
3394
3388
3425
3408
3385
3384
3409
3432
3413
3413
3412
3419
3388
3394
3414
3416
3442
3417
3417
3414
3578
3418
3447
3399
3423
3403
3427
3452
3453
3449
3432
3409
3433
3458
3436
3461
3455
3434
3410
3439
3465
3441
3441
3417
3439
3465
3445
3405
3447
3447
3445
3508
3448
3449
3424
3450
3478
3478
3420
3453
3453
3453
3487
3429
3454
3454
3455
3436
3458
3435
3436
3457
3459
3498
3436
3463
3501
3467
3468
3468
3470
3470
3475
3511
3476
3476
3508
3511
3478
3514
3480
3480
3451
3519
3518
3481
3482
3482
3484
3487
3451
3481
3485
3488
3490
3488
3519
3491
3498
3534
3440
3493
3499
3501
3501
3501
3500
3500
3494
3504
3549
3508
3476
3476
3549
3509
3507
3512
3514
3478
3513
3556
3518
3452
3489
3486
3562
3559
3521
3522
3524
3525
3460
3528
3530
3570
3533
3534
3534
3574
3575
3536
3539
3618
3542
3544
3581
3545
3574
3549
3548
3537
3504
3589
3589
3523
3555
3556
3591
3555
3557
3560
3536
3561
3562
3571
3563
3565
3565
3567
3570
3606
3528
3553
3572
3610
3611
3572
3575
3614
3525
3576
3576
3581
3543
3642
3548
3582
3583
3586
3588
3552
3554
3632
3591
3593
3610
3594
3627
3570
3635
3606
3634
3594
3607
3610
3641
3610
3609
3587
3576
3611
3611
3525
3649
3614
3575
3652
3614
3655
3648
3446
3619
3620
3624
3627
3517
3628
3663
3632
3632
3604
3633
3633
3634
3635
3674
3605
3731
3641
3641
3619
3646
3643
3645
3445
3681
3649
3623
3618
3685
3652
3613
3652
3654
3655
3644
3657
3721
3663
3628
3610
3688
3666
3605
3700
3698
3804
3733
3675
3676
3677
3680
3679
3681
3711
3710
3661
3682
3714
3650
3701
3687
3689
3664
3693
3718
3722
3693
3697
3697
3698
3700
3701
3671
3684
3726
4928
3714
3664
3677
3707
3738
3710
3681
3685
3742
3739
3714
3702
3773
3718
3696
3660
3721
3693
3745
3722
3722
3718
3723
3637
3729
3725
3730
3760
3673
3731
3732
3703
3765
3719
3734
3737
3709
3737
3737
3739
3741
3713
3741
3731
3743
3751
3779
3801
3758
3789
3760
3733
3765
3703
3785
3767
3772
3772
3791
3774
3746
3778
3795
3779
3778
3760
3800
3781
3821
3782
3796
3836
3765
3786
3787
3789
3810
3791
3791
3777
3813
3793
3795
3779
3784
3796
3799
3780
3803
3822
3794
3817
3806
3845
3849
3813
3813
3813
3809
3832
3817
3816
3817
3785
3836
3819
3780
3735
3882
3842
3867
3824
3850
3827
3775
3794
3857
3865
3832
3857
3833
3833
3836
3881
3674
3837
3838
3841
3822
3840
3852
3823
3861
3844
3870
3844
3845
3845
3832
3888
3849
3826
3809
3875
3851
3827
3829
3878
3897
3883
3842
3860
3863
3865
3865
3885
3886
3824
3868
3875
3827
3894
3891
3877
3880
3880
3875
3897
3841
3852
3890
3884
3905
3909
3889
3843
3890
3929
3911
3851
3876
3883
3895
3932
3896
3922
3702
3900
3903
3922
3872
3844
3905
3938
3907
3909
3917
3911
3928
3895
3913
3936
3916
3928
3911
3917
3942
3856
3904
3926
3923
3939
3926
3946
3906
3905
3928
3894
3976
3910
3894
3915
3931
3954
3916
3965
3935
3934
3935
3935
3938
3926
3989
3918
3968
3940
3969
3965
3946
3941
3947
3950
3929
3973
3952
3954
3967
3956
3932
3950
3983
3957
3995
3965
3985
3964
4033
3939
3967
3926
3995
3969
4018
3944
3946
3956
3998
3971
3956
3951
4003
3979
3979
3980
3982
4008
3981
4025
3983
3981
3984
3985
3987
3987
3987
4013
3958
3988
3991
3967
3992
3992
3993
4003
3970
3998
4031
3965
4000
4032
3972
4003
4004
4008
4008
4005
4038
3989
4010
3983
4011
3916
4016
3985
4047
3969
4021
4044
4023
4014
4027
3999
4032
4032
4032
4059
4029
4032
4033
3965
3950
4064
4042
4042
4043
4047
4063
4010
4064
4044
4049
4050
4026
4022
4077
4050
4058
4056
4059
4064
4083
4066
4066
4066
4048
4069
4071
4071
4054
4094
4077
4054
4076
4076
4097
4080
4083
4039
4082
4092
4084
4104
4072
4078
4082
4095
4097
4087
4099
4102
4103
4104
4092
4116
4123
4105
4113
4113
4115
4116
4123
4117
4109
4106
4121
4123
4117
4117
4127
4130
4129
4132
4133
4135
4143
4134
4135
4135
4142
4137
4137
4143
4146
4145
4144
4145
4144
4148
4150
4147
4150
4155
4155
4161
4152
4155
4156
4156
4162
4161
4160
4159
4156
4152
4168
4168
4167
4167
4158
4165
4166
4169
4169
4167
4170
4174
4170
4182
4178
4187
4180
4172
4182
4180
4187
4189
4194
4187
4187
4187
4179
4188
4194
4185
4223
4182
4192
4191
4188
4183
4195
4196
4204
4194
4198
4204
4197
4200
4208
4204
4206
4209
4210
4218
4208
4211
4211
4214
4214
4215
4235
4224
4216
4221
4227
4218
4226
4225
4226
4227
4224
4227
4232
4225
4229
4229
4246
4231
4233
4227
4236
4197
4205
4243
4245
4246
4239
4239
4252
4247
4248
4251
4253
4251
4241
4255
4285
4259
4258
4259
4263
4265
4265
4266
4272
4281
4278
4287
4276
4275
4280
4263
4275
4282
4282
4286
4283
4279
4285
4285
4288
4289
4289
4291
4259
4259
4291
4293
4295
4301
4292
4299
4303
4308
4296
4285
4305
4311
4301
4309
4316
4306
4318
4311
4321
4321
4303
4305
4312
4320
4326
4324
4323
4324
4318
4330
4326
4326
4326
4327
4330
4329
4316
4330
4325
4327
4331
4330
4331
4332
4332
4332
4327
4336
4343
4334
4339
4339
4339
4336
4341
4339
4341
4337
4336
4345
4347
4347
4347
4353
4353
4351
4356
4359
4359
4360
4360
4360
4358
4392
4363
4362
4362
4366
4362
4372
4361
4364
4363
4383
4369
4366
4375
4367
4372
4369
4377
4374
4374
4375
4375
4384
4376
4378
4402
4379
4367
4380
4368
4399
4384
4385
4377
4389
4361
4391
4413
4362
4392
4403
4393
4404
4390
4403
4397
4400
4410
4386
4403
4404
4404
4422
4397
4405
4406
4404
4419
4409
4387
4440
4399
4399
4416
4419
4419
4444
4417
4414
4419
4432
4413
4434
4422
4431
4444
4438
4432
4431
4422
4431
4433
4438
4435
4437
4437
4450
4437
4434
4436
4422
4438
4451
4431
4438
4439
4432
4481
4438
4445
4458
4463
4428
4465
4442
4446
4437
4437
4488
4471
4452
4448
4452
4475
4446
4456
4502
4441
4461
4471
4485
4463
4463
4481
4465
4465
4408
4466
4469
4450
4470
4475
4495
4485
4466
4468
4474
4499
4475
4454
4523
4471
4461
4459
4482
4459
4501
4485
4482
4484
4512
4513
4490
4492
4492
4489
4493
4494
4494
4471
4496
4499
4478
4501
4508
4525
4441
4510
4512
4487
4450
4534
4510
4513
4539
4515
4518
4513
4541
4541
4478
4460
4527
4530
4547
4512
4536
4553
4540
4537
4515
4540
4540
4518
4520
4558
4537
4544
4546
4563
4548
4536
4552
4577
4551
4557
4567
4560
4561
4563
4574
4533
4563
4570
4536
4568
4578
4577
4570
4572
4562
4601
4575
4561
4586
4576
4588
4549
4562
4578
4579
4580
4586
4557
4588
4587
4588
4565
4580
4595
4589
4600
4604
4595
4594
4597
4575
4601
4583
4589
4602
4603
4604
4606
4631
4605
4608
4616
4611
4611
4604
4615
4624
4621
4611
4627
4621
4622
4646
4616
4619
4625
4626
4627
4623
4635
4628
4628
4715
4591
4643
4646
4629
4632
4635
4627
4636
4635
4630
4640
4631
4642
4646
4643
4644
4657
4645
4645
4648
4637
4665
4653
4654
4645
4655
4662
4664
4624
4659
4650
4668
4657
4665
4674
4676
4666
4657
4668
4679
4671
4672
4674
4698
4674
4686
4701
4676
4662
4690
4677
4678
4671
4682
4683
4675
4680
4696
4686
4683
4701
4676
4689
4690
4690
4706
4693
4677
4687
4692
4694
4667
4696
4695
4684
4697
4699
4688
4719
4700
4721
4710
4687
4707
4709
4691
4712
4608
4714
4718
4773
4718
4735
4720
4735
4703
4720
4722
4723
4726
4728
4728
4728
4726
4709
4706
4731
4733
4755
4721
4753
4733
4738
4728
4742
4740
4738
4745
4759
4766
4763
4738
4773
4752
4759
4749
4756
4746
4760
4747
4761
4751
4769
4763
4774
4760
4765
4785
4775
4775
4761
4760
4776
4776
4790
4782
4835
4719
4791
4813
4786
4787
4793
4731
4789
4794
4788
4789
4800
4794
4793
4819
4793
4790
4791
4806
4794
4813
4777
4796
4798
4799
4813
4801
4806
4810
4806
4806
4817
4802
4820
4855
4809
4828
4789
4812
4811
4823
4780
4832
4830
4815
4824
4817
4834
4787
4792
4821
4841
4823
4823
4824
4778
4806
4825
4824
4816
4829
4813
4839
4831
4833
4808
4856
4787
4802
4843
4837
4838
4821
4842
4846
4833
4847
4850
4839
4853
4866
4834
4854
4857
4836
4862
4874
4862
4862
4864
4868
4867
4854
4871
4874
4874
4883
4863
4872
4887
4877
4880
4884
4882
4892
4875
4878
4878
4894
4887
4873
4890
4895
4884
4890
4904
4905
4892
4902
4888
4889
4924
4895
4885
4913
4900
4912
4888
4902
4918
4892
4892
4890
4906
4906
4907
4909
4924
4909
4893
4907
4911
4917
4896
4914
4914
4903
4900
4915
4917
4903
4917
4912
4920
4957
4943
4925
4930
4931
4935
4937
4937
4943
4951
4933
4948
4909
4944
4951
4956
4954
4952
4953
4954
4909
4956
4958
4965
4957
4957
4956
4972
4957
4960
4968
4973
4960
4965
4965
4969
4942
4967
4973
4941
4959
4973
4984
4965
4963
4974
4977
4989
4980
4983
4984
4993
4973
4995
4989
4978
4999
4996
4993
4997
4985
4995
5004
4995
4995
4987
5000
4996
4997
4998
4983
5008
4990
4992
5001
5003
4996
5003
5020
5023
5008
5023
5010
5011
5012
5013
5013
5014
5035
5015
5017
5004
5018
5035
5020
5020
4995
5021
5021
5007
5021
5036
5049
5030
5014
5028
5018
5041
5050
5094
5043
5043
5027
5044
5046
5058
5059
5059
5041
5051
5052
5070
5057
5106
5066
5042
5053
5054
5070
5064
5050
5065
5078
5065
5064
5067
5074
5053
5071
5073
5066
5077
5079
5063
5080
5084
5083
5074
5086
5090
5089
5095
5091
5093
5091
5092
5098
5098
5100
5098
5096
5106
5099
5100
5098
5096
5103
5106
5103
5111
5111
5113
5113
5113
5114
5119
5118
5111
5118
5123
5121
5123
5127
5129
5129
5130
5133
5129
5131
5134
5132
5134
5133
5134
5153
5137
5144
5144
5145
5153
5153
5146
5144
5146
5148
5254
5165
5159
5139
5166
5180
5161
5175
5179
5167
5254
5168
5159
5163
5177
5169
5183
5173
5174
5181
5180
5185
5167
5178
5187
5176
5176
5183
5185
5182
5197
5186
5218
5198
5186
5197
5204
5193
5199
5224
5253
5200
5207
5204
5236
5224
5205
5224
5207
5216
5225
5216
5201
5234
5184
5190
5223
5223
5269
5206
5225
5245
5225
5247
5229
5254
5230
5244
5281
5231
5238
5235
5255
5240
5243
5232
5186
5187
5212
5210
5219
5280
5254
5017
5233
5255
5282
5256
5240
5283
5259
5259
5257
5261
5285
5179
5157
5226
5256
5295
5273
5256
5272
5323
5306
5267
5296
5278
5275
5279
5280
5311
5283
5313
5287
5316
5291
5310
5321
5294
5259
5273
5297
5262
5301
5309
5278
5304
5335
5309
5299
5308
5283
5279
5336
5312
5288
5339
5313
5293
5313
5313
5313
5314
5319
5344
5289
5318
5309
5334
5336
5345
5320
5318
5347
5323
5347
5324
5331
5325
5327
5350
5309
5350
5329
5335
5354
5328
5324
5322
5341
5336
5354
5340
5357
5305
5345
5357
5340
5352
5361
5345
5346
5323
5361
5347
5349
5362
5363
5343
5359
5347
5323
5365
5352
5353
5355
5369
5370
5356
5352
5361
5375
5366
5353
5365
5356
5370
5371
5367
5364
5384
5371
5385
5374
5385
5387
5381
5378
5379
5337
5402
5360
5372
5372
5377
5389
5399
5387
5401
5385
5382
5365
5379
5403
5389
5397
5396
5415
5409
5398
5395
5410
5409
5428
5418
5404
5419
5407
5419
5402
5390
5411
5411
5423
5403
5396
5420
5404
5401
5426
5431
5421
5434
5422
5435
5424
5439
5455
5428
5442
5409
5421
5420
5424
5444
5439
5440
5454
5417
5429
5429
5444
5441
5460
5448
5462
5467
5470
5451
5451
5432
5452
5471
5441
5445
5474
5445
5449
5451
5495
5458
5457
5510
5492
5471
5472
5458
5494
5473
5494
5466
5479
5501
5480
5503
5529
5508
5394
5465
5491
5471
5472
5483
5473
5490
5480
5491
5482
5491
5515
5523
5497
5499
5498
5485
5485
5509
5479
5512
5540
5513
5488
5497
5541
5516
5514
5546
5521
5505
5551
5524
5553
5525
5553
5525
5523
5522
5529
5555
5534
5536
5561
5554
5532
5504
5513
5552
5529
5574
5538
5562
5540
5563
5514
5565
5567
5550
5552
5544
5549
5570
5528
5553
5556
5576
5521
5539
5542
5559
5553
5584
5560
5568
5561
5561
5546
5585
5617
5586
5586
5570
5570
5569
5528
5597
5571
5597
5580
5578
5548
5611
5582
5614
5561
5589
5589
5591
5562
5565
5622
5595
5566
5593
5624
5559
5625
5597
5600
5600
5598
5572
5580
5584
5592
5630
5609
5613
5638
5690
5646
5615
5615
5618
5639
5653
5600
5625
5633
5622
5622
5660
5629
5630
5676
5630
5619
5623
5678
5631
5679
5680
5635
5682
5686
5641
5600
5642
5618
5617
5627
5619
5630
5659
5653
5689
5645
5692
5632
5720
5652
5657
5707
5666
5666
5652
5682
5672
5682
5665
5734
5684
5691
5741
5685
5741
5726
5748
5598
5668
5696
5674
5636
5754
5699
5755
5756
5700
5702
5764
5711
5710
5766
5713
5710
5710
5682
5767
5767
5715
5719
5768
5725
5784
5784
5727
5725
5785
5728
5785
5786
5733
5730
5732
5730
5606
5786
5734
5789
5787
5692
5643
5696
5696
5740
5734
5715
5714
5751
5711
5725
5780
5773
5709
5754
5713
5786
5761
5717
5754
5767
5733
5747
5754
5802
5806
5758
5729
5806
5763
5764
5811
5764
5741
5811
5746
5727
5816
5797
5772
5743
5776
5824
5781
5830
5786
5766
5781
5834
5787
5834
5838
5790
5839
5796
5797
5843
5797
5797
5797
5797
5751
5757
5758
5844
5847
5798
5799
5799
5847
5850
5802
5773
5860
5860
5807
5807
5860
5812
5813
5865
5692
5752
5781
5759
5806
5832
5783
5743
5787
5797
5786
5839
5798
5839
5861
5865
5813
5822
5816
5831
5869
5817
5825
5814
5826
5828
5881
5889
5810
5805
5896
5839
5837
5900
5849
5908
5854
5841
5912
5855
5815
5912
5791
5881
5858
5863
5914
5869
5819
5924
5924
5790
5861
5808
5870
5880
5891
5827
5850
5869
5914
5925
5873
5873
5883
5833
5936
5936
5884
5886
5937
5888
5943
5940
5948
5904
5904
5904
5896
5901
5896
5896
5954
5907
5881
5954
5911
5909
5911
5927
5957
5928
5919
5915
5961
5920
5920
5914
5962
5923
5921
5921
5921
5969
5924
5970
5927
5973
5904
5874
5894
5933
5933
5929
5841
5885
5938
6049
5935
5983
5986
5991
5941
5892
5872
5946
5946
5892
5951
5997
5950
6008
6014
5876
5833
5907
5920
5954
5923
5911
5954
5952
5939
6015
5958
5924
5955
5952
5957
5955
6022
5958
5952
5971
6023
5958
5958
5971
5960
5979
5972
6124
5969
5974
6043
5933
6042
5946
5941
5937
6038
5957
6002
5930
5973
6049
5983
6060
5984
5996
5987
6066
5991
6067
5968
6081
5949
6081
6001
5979
6099
6025
6021
6108
6031
6031
6113
6032
6114
6033
6115
6034
6116
6040
5952
5977
5954
5997
6040
5974
5999
6016
5989
6032
6098
6037
6017
6120
6082
6042
6127
6134
6049
6053
6138
6062
6052
6057
6064
6063
6156
6157
6067
6068
6072
6162
6077
6081
6166
6081
6025
6178
6169
6031
6091
6048
6117
6056
6112
6073
6087
6162
6086
6177
6090
6255
6049
5997
6182
6093
6185
6095
6095
6106
6186
6098
6100
6187
6188
6101
6105
6190
6134
6064
6191
6109
6120
6197
6109
6206
6126
6213
6128
6133
6215
6129
6219
6091
6021
6219
6226
6144
6152
6141
6145
6148
6229
6152
6233
6235
6158
6240
6159
6106
6242
6160
6153
6156
6242
6243
6167
6246
6169
6081
6248
6173
6173
6170
6165
6252
6175
6254
6178
6134
6097
6074
6106
6102
6168
6071
6153
6110
6157
6118
6094
6095
6127
6128
6213
6135
6220
6227
6159
6144
6190
6122
6245
6177
6187
6258
6185
6256
6265
6113
6160
6193
6173
6227
6181
6267
6207
6189
6188
6189
6270
6273
6198
6196
6200
6274
6279
6201
6208
6202
6291
6216
6219
6296
6218
6300
6302
6223
6223
6193
6182
6204
6305
6224
6228
6305
6227
6312
6229
6236
6229
6242
6231
6237
6321
6324
6245
6245
6230
6327
6337
6248
6250
6250
6342
6254
6343
6206
6152
6154
6207
6198
6191
6189
6263
6288
6190
6273
6216
6272
6263
6221
6229
6260
6346
6350
6266
6351
6319
6352
6163
6433
6271
6271
6257
6356
6273
6240
6372
6286
6372
6287
6291
6375
6292
6377
6293
6294
6294
6377
6296
6378
6383
6309
6303
6392
6311
6393
6312
6394
6315
6301
6267
5813
6404
6179
6345
6284
6209
6237
6223
6245
6253
6254
6344
6269
6248
6406
6406
6322
6409
6326
6324
6336
6418
6421
6339
6320
6424
6321
6346
6345
6321
6349
6432
6352
6351
6351
6354
6271
6279
6319
6309
6408
6281
6294
6371
6289
6368
6290
6364
6396
6333
6395
6338
6338
6426
6429
6326
6299
6411
6356
6355
6436
6438
6364
6357
6369
6439
6359
6372
6447
6452
6374
6454
6375
6457
6378
6345
6461
6383
6384
6384
6462
6385
6387
6463
6388
6467
6310
6459
6315
6424
6421
6352
6347
6425
6445
6374
6382
6382
6444
6386
6442
6473
6393
6401
6401
6340
6366
6482
6313
6411
6275
6411
6493
6498
6416
6500
6502
6418
6419
6419
6503
6510
6426
6512
6428
6514
6516
6435
6433
6394
6518
6518
6436
6440
6520
6481
6388
6368
6522
6376
6445
6454
6452
6442
6449
6444
6533
6459
6457
6389
6457
6455
6534
6463
6539
6468
6466
6476
6542
6476
6459
6549
6477
6357
6554
6558
6398
6552
6497
6413
6490
6430
6423
6433
6485
6517
6483
6505
6415
6416
6421
6519
6505
6425
6439
6485
6565
6489
6570
6435
6483
6495
6502
6583
6510
6588
6513
6589
6511
6516
6517
6515
6592
6519
6598
6529
6449
6442
6623
6477
6459
6478
6525
6520
6404
6611
6531
6531
6528
6530
6478
6527
6616
6619
6533
6534
6619
6536
6621
6539
6623
6524
6545
6468
6545
6354
6626
6491
6470
6649
6597
6538
6548
6540
6519
6628
6629
6555
6636
6555
6560
6561
6644
6492
6648
6565
6468
6564
6488
6579
6498
6526
6593
6516
6542
6527
6531
6534
6571
6540
6547
6571
6533
6586
6534
6617
6567
6560
6546
6566
6652
6511
6548
6582
6581
6583
6666
6595
6668
6569
6591
6583
6591
6583
6584
6677
6597
6648
6601
6683
6603
6605
6609
6608
6690
6614
6698
6708
6621
6708
6623
6614
6621
6709
6709
6629
6624
6712
6632
6640
6714
6636
6717
6717
6640
6629
6561
6678
6720
6722
6642
6689
6729
6546
6587
6731
6652
6732
6733
6656
6733
6654
6653
6581
6737
6662
6663
6738
6739
6741
6665
6671
6755
6670
6756
6757
6673
6674
6669
6759
6678
6678
6802
6761
6568
6555
6651
6572
6603
6614
6648
6624
6677
6631
6629
6688
6637
6684
6651
6706
6734
6620
6692
6623
6662
6633
6698
6739
6656
6678
6660
6731
6664
6665
6677
6680
6765
6680
6681
6775
6680
6696
6688
6779
6798
6722
6705
6799
6800
6706
6715
6709
6734
6715
6888
6712
6808
6713
6711
6812
6818
6718
6629
6672
6750
6777
6704
6795
6719
6818
6724
6823
6728
6736
6827
6728
6728
6832
6735
6730
6835
6757
6757
6677
6828
6750
6751
6854
6767
6767
6758
6660
6768
6862
6762
6779
6794
6875
6781
6777
6877
6878
6789
6789
6789
6707
6882
6772
6691
6886
6795
6798
6887
6800
6888
6809
6754
6804
6679
6710
6714
6710
6806
6715
6724
6819
6819
6819
6812
6735
6812
6900
6826
6827
6904
6905
6828
6830
6907
6591
6566
6754
6686
6801
6863
6784
6878
6786
6776
6886
6854
6798
6769
6854
6823
6902
6912
6833
6819
6915
6917
6836
6835
6836
6837
6918
6838
6919
6842
6841
6927
6929
6847
6933
6934
6738
6861
6892
6797
6836
6805
6831
6824
6840
6870
6842
6868
6850
6831
6997
6836
6903
6936
6852
6938
6941
6854
6855
6942
6946
6857
6860
6882
6858
6957
6864
6872
6876
6869
6973
6976
6884
6878
6884
6878
6884
6879
6860
6982
6887
6886
6890
6985
6992
6892
6992
6993
6894
6994
6896
6996
6897
6897
6898
6997
6898
6850
6900
6981
6882
6848
6853
6899
6935
6874
6851
6969
6980
6883
6857
6893
6892
6887
6903
6894
6996
6895
6902
6902
7001
6869
6964
6963
6900
6843
6909
6897
6874
7015
7015
6916
6926
7023
6874
6999
6947
6927
6947
6929
7039
6951
7050
6952
7052
6955
7053
6963
7061
7064
6965
6965
7067
6977
6977
6962
7071
6979
7074
6983
7077
7079
6992
6915
7083
6997
7092
7098
7018
7003
6938
6922
6930
7004
7004
7099
7100
7009
7005
7009
6915
7107
7013
7107
7108
7016
7108
7008
7200
7020
7110
7021
7111
7114
7023
6942
7116
7024
6929
6942
6960
6964
7058
7033
6968
7076
6974
7070
6985
7117
7000
7047
7026
7027
7029
7096
7118
7037
7030
6982
7118
7031
7119
7033
7030
6954
7121
7124
6971
7055
7125
7042
7052
7137
7154
7055
7056
7058
7158
7064
7164
7164
7065
7068
7167
7068
7066
7068
7070
7069
7168
7074
7172
7077
7021
7082
7082
7080
7082
7180
7085
7180
7182
7090
7185
7094
7190
7192
7102
6912
7003
7015
7101
7005
7012
7017
7016
7101
7023
7102
7105
7098
7102
7015
6988
7176
7018
7024
7095
7056
7026
7026
7032
7117
7033
7025
7115
7110
7121
7117
7212
7048
7212
7127
7213
7131
7214
7138
7198
7138
7136
7036
7222
7141
7058
7143
7227
7152
7149
7244
7153
7151
7245
7155
7247
7158
7159
7251
7123
7035
7068
7225
7071
7074
7109
7130
7085
7138
7198
7108
7093
7201
7174
7110
7133
7071
7112
7221
7190
7153
7168
7161
7165
7253
7256
7256
7168
7179
7258
7174
7175
7261
7262
7264
7267
7180
7180
7184
7269
7273
7079
7087
7274
7187
7187
7185
7277
7190
7193
7279
7284
7195
7286
7198
7198
7287
7199
7201
7201
7289
7203
7292
7205
7292
7206
7373
7296
7296
7211
7214
7214
7214
7213
7212
7213
7156
7297
6877
7216
7139
7292
7190
7163
7255
7167
7250
7174
7177
7082
7180
7243
7042
7279
7199
7203
7185
7210
7152
7171
7218
7170
7226
7228
7220
7224
7299
7238
7318
7318
7239
7247
7243
7323
7255
7251
7331
7256
7221
7215
7332
7258
7336
7270
7269
7259
7260
7264
7349
7350
7271
7351
7358
7278
7278
7357
7280
7289
7292
7369
7285
7277
7282
7224
7161
7237
7205
7210
7295
7376
7212
7298
7378
7298
7298
7299
7379
7293
7379
7301
7381
7309
7384
7307
7388
7390
7392
7311
7393
7252
7199
7253
7266
7229
7282
7325
7256
7319
7363
7284
7367
7334
7296
7300
7298
7380
7308
7305
7208
7248
7239
7314
7259
7394
7395
7316
7315
7318
7395
7318
7395
7321
7457
7400
7292
7358
7331
7296
7305
7348
7316
7361
7476
7327
7329
7405
7321
7323
7330
7412
7307
7327
7339
7334
7321
7337
7338
7421
7424
7353
7342
7425
7344
7427
7347
7369
7431
7368
7436
7443
7364
7368
7353
7314
7452
7373
7453
7374
7458
7382
7385
7383
7393
7458
7346
7394
7466
7474
7292
7330
7371
7356
7436
7317
7466
7491
7402
7402
7351
7403
7403
7476
7476
7411
7353
7486
7393
7420
7417
7414
7414
7417
7489
7371
7423
7494
7423
7428
7428
7496
7430
7428
7426
7368
7498
7431
7498
7439
7505
7440
7435
7506
7441
7508
7446
7445
7438
7511
7448
7455
7512
7454
7520
7450
7520
7456
7520
7523
7339
7487
7402
7400
7399
7447
7452
7383
7354
7470
7406
7467
7417
7490
7411
7419
7427
7461
7395
7426
7470
7458
7463
7425
7440
7510
7523
7455
7462
7502
7457
7523
7460
7478
7524
7485
7524
7461
7467
7476
7462
7474
7542
7487
7489
7482
7463
7480
7487
7379
7545
7547
7492
7498
7549
7494
7495
7501
7550
7501
7559
7565
7445
7437
7456
7505
7510
7566
7508
7568
7569
7576
7519
7516
7518
7518
7580
7583
7460
7476
7463
7493
7527
7489
7503
7489
7495
7541
7510
7540
7523
7586
7526
7526
7517
7476
7588
7504
7529
7527
7529
7588
7530
7590
7534
7592
7534
7534
7532
7586
7594
7560
7569
7595
7542
7541
7545
7599
7537
7549
7542
7554
7541
7616
7556
7537
7619
7558
7620
7688
7561
7623
7566
7629
7633
7637
7570
7576
7571
7573
7574
7646
7581
7648
7505
7525
7651
7588
7530
7528
7531
7594
7534
7594
7588
7597
7661
7595
7664
7595
7664
7665
7666
7554
7511
7600
7620
7621
7601
7670
7603
7670
7604
7602
7677
7677
7679
7612
7617
7556
7567
7650
7643
7580
7623
7623
7547
7626
7643
7690
7631
7695
7697
7641
7639
7641
7650
7582
7689
7569
7644
7704
7650
7709
7709
7544
7492
7703
7578
7609
7605
7598
7594
7603
7672
7711
7607
7635
7620
7677
7685
7651
7648
7630
7729
7654
7711
7660
7655
7658
7718
7666
7722
7723
7596
7670
7726
7727
7678
7681
7731
7681
7641
7734
7627
7682
7651
7685
7735
7737
7694
7691
7695
7740
7695
7742
7697
7697
7729
7744
7673
7711
7686
7682
7757
7703
7707
7705
7761
7708
7708
7708
7700
7646
7668
7655
7703
7762
7596
7680
7711
7766
7767
7716
7769
7773
7719
7777
7722
7722
7778
7727
7728
7780
7837
7729
7784
7665
7678
7680
7738
7689
7696
7702
7744
7756
7708
7689
7699
7740
7732
7712
7718
7712
7775
7720
7723
7725
7736
7733
7684
7738
7790
7712
7736
7736
7739
7750
7802
7802
7758
7760
7813
7813
7763
7815
7821
7821
7768
7768
7770
7777
7754
7831
7779
7779
7833
7727
7739
7738
7749
7768
7795
7758
7739
7771
7766
7779
7790
7780
7835
7782
7943
7842
7789
7844
7822
7782
7786
7787
7821
7792
7845
7847
7793
7851
7794
7851
7796
7796
7797
7855
7803
7799
7810
7803
7808
7828
7923
7814
7814
7874
7874
7792
7832
7751
7851
7813
7787
7836
7822
7879
7825
7882
7885
7828
7830
7829
7886
7837
7806
7891
7842
7843
7896
7896
7897
7844
7844
7859
7908
7859
7852
7910
7860
7858
7831
7872
7864
7867
7916
7920
7872
7816
7863
7795
7818
7807
7852
7878
7862
7872
7841
7922
7873
7903
7924
7878
7940
7886
7883
7886
7886
7874
7878
7883
8000
7887
7888
7945
7945
7948
7892
7892
7948
7900
7954
7902
7956
7902
7956
7959
7841
7791
7882
7796
7913
7886
7880
7861
7905
7905
7907
7907
7869
7961
7911
7965
7912
7912
7915
7968
7972
7919
7922
7924
7975
7935
7994
7994
7940
7938
7916
7996
7941
7857
7865
7941
7887
7894
7898
7936
7958
7901
7909
7932
7922
7972
7924
7960
7893
7946
7953
7940
7947
8003
8006
7951
7956
7952
8006
7953
8009
7901
7948
7903
7946
8006
7962
8016
7967
8022
7970
7971
8025
8025
7972
7973
8026
8026
7975
8033
7979
8037
7982
7991
7988
8040
7996
7996
7996
7986
7987
8013
8044
8046
8047
7998
7997
7962
8051
8003
8051
8052
8009
8056
8014
8063
8015
8068
7914
7951
7963
7961
8022
7966
7968
7977
8019
7998
7972
8040
8040
8002
8002
7985
8008
8056
8013
8077
8023
8004
8078
8028
8084
8029
8034
8034
8033
8044
8038
8038
8038
7978
8088
7994
8021
8074
8029
8086
8034
8088
8040
8039
8043
8090
8048
8099
8100
8103
8106
8060
8058
8058
8043
8084
8070
8126
8075
8126
8073
8083
8131
8077
8131
8081
8132
8133
8016
8115
8020
8085
8085
8133
8138
8025
8038
8039
8048
8049
8054
8102
8053
8063
8064
8098
8093
8131
8085
8084
8087
8092
8197
8091
8052
8076
8159
8098
8159
8173
8096
8071
8114
8108
8178
8178
8118
8119
8180
8181
8121
8120
8122
8182
8184
8127
8129
8191
8192
8115
8136
8082
8110
8087
8098
8114
8101
8119
8132
8182
8114
8169
8188
8130
8193
8194
8132
8144
8133
8141
8195
8144
8149
8206
8159
8159
8142
8224
8233
8125
8177
8132
8179
8228
8165
8231
8233
8169
8110
8171
8235
8120
8169
8175
8172
8238
8239
8178
8245
8186
8193
8192
8256
8195
8190
8198
8197
8259
8150
8214
8229
8171
8141
8228
8247
8253
8132
8254
8199
8260
8201
8203
8206
8195
8267
8209
8270
8270
8211
8215
8277
8218
8216
8218
8161
8297
8278
8203
8168
8168
8161
8187
8265
8206
8234
8272
8177
8252
8206
8277
8217
8212
8285
8232
8227
8295
8257
8235
8235
8240
8237
8303
8241
8241
8237
8303
8229
8224
8293
8232
8305
8223
8258
8243
8250
8244
8323
8325
8264
8260
8330
8331
8268
8331
8333
8270
8267
8333
8335
8280
8338
8282
8338
8284
8340
8340
8291
8288
8256
8347
8295
8350
8350
8297
8294
8357
8236
8241
8243
8366
8253
8259
8266
8311
8272
8252
8311
8300
8337
8285
8359
8304
8268
8310
8337
8314
8373
8319
8316
8317
8323
8377
8379
8321
8380
8327
8331
8392
8331
8331
8329
8319
8396
8224
8398
8336
8402
8406
8274
8279
8333
8277
8282
8301
8296
8291
8338
8336
8298
8343
8302
8322
8356
8328
8395
8329
8320
8342
8519
8342
8411
8341
8339
8417
8418
8348
8315
8420
8354
8423
8424
8363
8364
8426
8428
8366
8429
8430
8369
8433
8434
8372
8360
8435
8436
8374
8382
8439
8378
8383
8446
8392
8346
8396
8449
8319
8391
8350
8360
8338
8333
8380
8414
8363
8423
8401
8420
8424
8403
8372
8437
8451
8408
8348
8456
8457
8358
8409
8409
8412
8460
8420
8419
8366
8420
8368
8464
8420
8422
8465
8423
8470
8401
8449
8459
8462
8426
8471
8472
8429
8476
8436
8480
8483
8439
8441
8441
8441
8376
8397
8486
8444
8443
8443
8444
8482
8488
8349
8371
8452
8417
8471
8412
8451
8428
8461
8488
8425
8451
8445
8453
8456
8450
8450
8448
8493
8497
8455
8556
8458
8510
8437
8477
8517
8460
8512
8467
8464
8518
8464
8523
8477
8526
8527
8446
8527
8480
8533
8439
8486
8440
8483
8486
8490
8447
8537
8491
8542
8492
8448
8543
8495
8498
8544
8454
8433
8517
8462
8478
8482
8504
8463
8500
8471
8573
8476
8498
8479
8521
8542
8533
8521
8459
8511
8525
8525
8521
9167
8523
8492
8575
8577
8526
8526
8528
8578
8578
8445
8444
8494
8526
8513
8568
8532
8580
8598
8582
8522
8574
8562
8544
8539
8589
8552
8593
8547
8539
8535
8597
8559
8559
8562
8598
8540
8586
8569
8571
8532
8559
8578
8555
8563
8563
8601
8544
8564
8565
8569
8602
8566
8604
8572
8571
8646
8555
8581
8578
8616
8618
8580
8583
8585
8620
8624
8590
8626
8627
8592
8587
8627
8593
8593
8628
8595
8589
8581
8631
8633
8597
8597
8634
8562
8573
8618
8579
8573
8638
8604
8640
8641
8609
8647
8605
8565
8614
8601
8586
8585
8601
8645
8591
8589
8594
8592
8652
8576
8598
8607
8593
8624
8609
8613
8678
8619
8615
8619
8611
8600
8626
8645
8625
8604
8637
8630
8672
8645
8640
8613
8646
8677
8646
8633
8677
8647
8619
8640
8618
8674
8646
8670
8657
8634
8688
8658
8689
8648
8653
8691
8664
8664
8648
8696
8709
8648
8698
8671
8670
8670
8668
8704
8675
8674
8674
8708
8676
8709
8715
8666
8657
8713
8685
8664
8683
8666
8682
8705
8660
8681
8666
8658
8675
8715
8690
8687
8692
8693
8716
8717
8701
8699
8699
8725
8703
8727
8683
8681
8731
8687
8709
8706
8734
8711
8735
8714
8712
8739
8715
8680
8721
8740
8716
8651
8741
8868
8741
8742
8694
8743
8677
8717
8697
8721
8713
8708
8732
8715
8709
8732
8718
8728
8744
8747
8722
8753
8723
8747
8729
8725
8750
8738
8756
8742
8788
8763
8716
8749
8749
8714
8750
8764
8750
8764
8751
8765
8808
8749
8735
8766
8736
8743
8751
8763
8756
8769
8772
8759
8753
8774
8762
8796
8775
8748
8769
8817
8773
8768
8762
8755
8770
8761
8763
8785
8776
8779
8778
8792
8781
8770
8816
8790
8802
8786
8804
8805
8780
8766
8808
8793
8813
8829
8796
8784
8784
8790
8803
8805
8823
8790
8801
8814
8806
8826
8795
8782
8809
8754
8760
8817
8823
8830
8822
8836
8818
8800
8824
8836
8723
8761
8813
8825
8830
8818
8823
8826
8829
8838
8826
8839
8829
8834
8834
8838
8845
8837
8848
8828
8848
8835
8839
8839
8841
8849
8826
8825
8829
8842
8847
8852
8846
8868
8851
8858
8878
8854
8863
8839
8858
8850
8872
8862
8877
8854
8875
8866
8880
8882
8855
8862
8842
8870
8884
8875
8878
8885
8887
8879
8903
8880
8901
8853
8867
8884
8869
8874
8884
8885
8887
9167
8883
8892
8910
8893
8911
8894
8912
8886
8914
8916
8884
8913
8904
8896
8921
8906
8922
8910
8931
8913
8944
8934
8902
8936
8912
8915
8931
8914
8935
8920
8939
8928
8921
8945
8931
8915
8944
8956
8959
8938
8933
8938
8961
8942
8951
8967
8948
8971
8972
8951
8975
8902
8923
8938
8958
8966
8931
8906
8960
8949
8979
8960
8954
8963
8960
8988
8992
8955
8979
8995
8960
8970
8963
9109
9000
8974
8977
9005
8984
8984
8980
8969
8994
9014
8989
9019
9027
8984
9028
8975
9005
8989
8971
8999
8995
8966
8967
9029
9007
9040
9008
8999
9002
9043
9044
9011
9010
8998
9046
9019
9015
9053
9020
9054
9055
9022
9023
9060
9028
9062
9012
9064
9033
9064
9067
9029
8999
9016
9036
9068
9036
9014
9078
9043
9081
9045
9084
9016
9085
9006
9009
9003
9031
9048
9031
9053
9034
9025
9072
9046
9062
9028
9047
9055
9039
9058
9091
9094
9087
9041
9097
9055
9050
9064
9100
9104
9085
9061
9085
9064
9068
9067
9079
9113
9070
9106
9082
9120
9076
9070
9088
9089
9122
9123
9094
9090
9099
9125
9094
9100
9135
9101
9104
9140
9107
9143
9091
9151
9139
9104
9112
9106
9119
9145
9113
9146
9114
9148
9116
9118
9093
9119
9086
8890
9127
9106
9087
9154
9122
9120
9123
9124
9156
9126
9160
9132
9127
9134
9165
9136
9155
9168
9150
9117
9112
9171
9144
9141
9140
9176
9180
9154
9154
9118
9138
9113
9163
9142
9160
9193
9196
9164
9132
9165
9200
9200
9166
9200
9201
9123
9186
9146
9143
9146
9154
9189
9172
9157
9164
9166
9204
9170
9180
9172
9205
9171
9176
9177
9183
9229
9212
9168
9212
9184
9217
9213
9239
9190
9229
9195
9224
9224
9208
9207
9202
9230
9230
9189
9210
9210
9210
9186
9164
9209
9230
9211
9231
9233
9215
9236
9182
9194
9219
9218
9208
9190
9221
9240
9241
9224
9224
9210
9241
9225
9243
9244
9227
9246
9200
9226
9206
9232
9212
9214
9235
9216
9249
9171
9252
9253
9254
9216
9238
9223
9229
9224
9224
9225
9239
9255
9247
9241
9247
9240
9271
9248
9239
9262
9250
9255
9262
9255
9271
9292
9261
9259
9273
9296
9245
9276
9250
9263
9262
9245
9277
9265
9277
9298
9245
9248
9273
9274
9293
9268
9259
9278
9264
9274
9277
9298
9299
9280
9281
9313
9314
9287
9286
9315
9293
9316
9316
9294
9308
9332
9334
9309
9290
9312
9337
9314
9340
9256
9262
9316
9307
9319
9320
9345
9346
9322
9349
9351
9292
9307
9326
9314
9334
9338
9327
9353
9330
9359
9338
9360
9335
9367
9323
9333
9349
9326
9326
9322
9344
9340
9316
9324
9351
9351
9340
9378
9354
9383
9356
9387
9358
9389
9361
9370
9400
9365
9400
9366
9435
9370
9363
9326
9356
9407
9376
9376
9376
9375
9376
9396
9347
9379
9415
9425
9387
9392
9391
9434
9353
9417
9398
9399
9399
9370
9401
9402
9409
9402
9435
9444
9380
9376
9411
9415
9368
9408
9411
9411
9504
9414
9444
9412
9362
9446
9417
9419
9417
9424
9383
9453
9430
9428
9429
9428
9457
9431
9459
9435
9435
9430
9461
9437
9444
9462
9440
9463
9441
9438
9439
9463
9444
9467
9430
9452
9449
9491
9441
9431
9459
9432
9446
9500
9467
9441
9425
9447
9453
9462
9446
9468
9436
9475
9459
9447
9460
9456
9477
9462
9478
9465
9483
9483
9467
9485
9469
9449
9456
9480
9471
9472
9489
9470
9471
9473
9463
9488
9473
9448
9473
9454
9473
9487
9487
9477
9480
9491
9485
9501
9472
9466
9488
9489
9474
9494
9503
9494
9497
9510
9495
9514
9498
9453
9500
9499
9517
9489
9507
9497
9503
9521
9418
9420
9520
9511
9523
9528
9510
9526
9516
9530
9544
9530
9509
9516
9512
9520
9518
9518
9531
9517
9519
9532
9522
9538
9529
9543
9518
9534
9546
9539
9546
9538
9551
9530
9553
9540
9553
9554
9555
9544
9498
9536
9545
9546
9538
9546
9543
9555
9556
9553
9553
9558
9560
9541
9556
9556
9556
9547
9565
9564
9557
9564
9560
9563
9567
9563
9564
9559
9566
9569
9557
9556
9570
9571
9569
9578
9570
9571
9576
9585
9586
9579
9581
9590
9583
9577
9585
9589
9587
9596
9588
9594
9589
9593
9594
9589
9591
9592
9592
9594
9597
9596
9597
9596
9599
9605
9601
9606
9605
9608
9617
9605
9612
9608
9617
9610
9613
9617
9618
9621
9614
9609
9619
9620
9622
9620
9619
9622
9623
9623
9623
9624
9624
9625
9682
9626
9633
9630
9632
9632
9635
9636
9639
9639
9639
9641
9639
9641
9644
9644
9648
9644
9648
9652
9650
9650
9652
9650
9654
9653
9654
9654
9657
9661
9661
9666
9676
9666
9663
9667
9666
9668
9670
9663
9664
9669
9672
9673
9670
9676
9673
9681
9680
9683
9686
9683
9678
9686
9688
9684
9683
9687
9688
9689
9687
9698
9690
9698
9698
9707
9711
9698
9704
9702
9722
9709
9706
9710
9718
9718
9713
9704
9714
9717
9717
9725
9709
9712
9730
9719
9717
9727
9722
9734
9725
9731
9725
9722
9734
9723
9721
9734
9724
9733
9737
9738
9735
9735
9735
9731
9740
9740
9735
9738
9741
9736
9741
9744
9741
9743
9742
9742
9745
9745
9750
9796
9759
9750
9754
9750
9750
9757
9749
9779
9751
9750
9762
9752
9760
9755
9757
9768
9762
9751
9751
9761
9764
9749
9747
9772
9767
9769
9775
9772
9765
9773
9775
9780
9772
9773
9778
9795
9780
9776
9780
9785
9789
9786
9789
9794
9785
9787
9794
9797
9802
9802
9802
9801
9797
9803
9804
9804
9804
9805
9808
9806
9806
9808
9822
9810
9819
9812
9814
9816
9819
9815
9820
9820
9821
9820
9817
9816
9820
9820
9820
9827
9821
9821
9816
9885
9824
9825
9836
9836
9827
9828
9842
9829
9833
9842
9835
9836
9837
9823
9833
9837
9839
9860
9825
9836
9845
9845
9848
9853
9856
9862
9861
9863
9861
9863
9863
9865
9868
9865
9865
9872
9874
9878
9876
9878
9881
9877
9888
9882
9886
9882
9890
9885
9888
9877
9886
9892
9890
9893
9894
9890
9893
9891
9893
9897
9896
9896
9900
9896
9897
9900
9901
9900
9908
9905
9914
9913
9910
9909
9903
9909
9909
9922
9916
9920
9919
9928
9932
9921
9924
9923
9923
9928
9922
9923
9928
9925
9928
9938
9938
9928
9933
9937
9934
9937
9939
9941
9939
9929
9939
9949
9939
9945
9945
9952
9953
9949
9954
9950
9949
9946
9948
9963
9957
9960
9973
9959
9963
9963
9957
9963
9961
9964
9970
9971
9958
9964
9965
9981
9974
9976
9999
9976
9999
9981
9974
9976
9988
9981
9983
9977
9989
9985
9979
9989
9989
9988
9990
9993
9991
9983
9993
9995
9991
9995
9990
9994
9995
9996
9999
7313
9998
