Algoritma : quicksort-desc10k  Süre (ms): 0.921
1
0
4
1
7
3
2
1
5
7
7
12
14
20
21
21
15
22
24
23
27
26
31
24
21
42
32
32
33
43
42
32
44
42
44
50
45
51
51
49
45
49
8
54
49
46
50
55
52
47
49
141
61
53
63
57
59
58
60
62
62
65
62
62
65
65
64
66
68
72
75
75
73
73
70
69
77
76
77
76
78
80
81
86
86
82
86
81
88
90
89
90
93
95
97
96
98
102
99
110
106
94
93
107
107
108
106
107
110
112
110
113
108
113
109
118
118
123
121
124
124
124
124
119
124
127
124
123
127
127
127
125
131
131
131
137
137
136
141
141
141
141
143
143
142
138
141
146
162
147
150
151
149
150
155
155
142
148
156
152
154
150
171
154
192
154
157
158
190
159
159
171
172
160
148
178
177
167
165
168
179
160
182
171
170
145
172
172
172
178
173
176
204
178
178
179
157
197
179
199
190
180
181
182
201
169
184
1026
165
208
175
160
195
196
197
168
199
199
194
200
201
182
206
156
213
209
219
213
212
214
223
231
228
224
226
226
211
227
229
220
164
230
230
231
231
228
246
234
236
234
237
239
238
262
241
246
246
232
245
259
261
259
254
258
265
260
249
244
275
268
273
274
275
275
275
277
277
276
280
270
277
268
236
275
278
279
286
280
285
286
290
292
283
287
290
284
287
290
298
286
300
291
292
294
314
299
291
300
300
292
311
296
303
298
307
310
295
304
315
307
315
315
318
317
324
317
318
313
304
319
324
321
336
326
329
331
337
343
332
329
317
323
334
332
345
335
332
338
345
332
348
348
348
352
349
344
354
358
354
353
359
363
362
359
365
364
365
366
371
368
370
371
375
376
375
378
373
379
381
381
385
385
386
392
389
385
390
394
390
383
391
394
395
394
395
393
387
396
397
397
401
400
400
402
404
404
404
404
403
407
399
405
408
400
409
413
414
415
417
415
419
419
407
419
426
431
432
420
432
426
428
438
437
434
437
439
440
440
440
441
439
444
444
444
445
442
447
448
447
447
446
452
450
450
451
451
458
455
468
457
457
453
453
458
464
468
464
461
472
464
456
448
472
468
483
476
465
464
471
472
468
471
473
483
471
476
490
475
478
469
482
482
481
494
479
485
486
475
491
510
493
474
498
493
496
508
492
492
506
511
502
503
527
499
514
499
508
505
533
508
521
522
521
509
511
513
513
524
535
514
511
517
515
532
509
500
521
536
520
498
540
512
542
558
528
530
507
532
518
543
531
534
537
567
520
555
540
527
503
539
541
588
542
541
565
539
543
545
568
549
561
531
551
577
553
555
586
538
543
554
558
564
541
566
566
549
586
568
594
570
553
571
528
576
573
585
578
553
610
586
585
586
586
576
586
588
587
561
542
595
628
601
599
600
602
619
606
617
605
623
616
621
620
609
639
621
621
617
610
619
622
622
632
615
633
624
634
632
632
635
633
598
537
634
637
636
646
624
624
640
657
641
645
646
637
648
649
659
651
650
652
658
657
665
660
667
664
675
665
667
663
644
668
671
665
678
672
673
674
675
673
687
676
676
680
667
670
691
684
686
681
680
691
693
694
695
698
693
694
700
696
695
699
703
700
703
695
699
702
708
704
708
707
704
708
709
716
710
738
713
716
716
722
721
717
718
714
725
719
722
730
723
723
728
725
727
722
714
728
730
704
747
731
731
732
732
733
755
739
738
740
750
758
712
742
741
741
757
763
755
760
761
761
757
746
765
760
767
756
760
761
729
772
762
774
760
763
752
718
765
766
767
782
753
769
772
762
769
790
774
796
776
798
767
794
781
804
790
785
762
770
801
794
774
803
801
783
798
782
799
811
810
792
815
799
812
813
790
790
820
805
806
822
801
804
812
798
816
814
816
824
804
819
819
822
834
822
822
810
824
826
814
843
827
824
828
830
831
831
832
842
793
837
838
841
840
853
835
838
842
860
845
850
850
834
874
866
867
860
855
870
856
871
841
880
857
852
863
856
866
853
892
884
867
867
890
868
869
870
870
874
869
864
871
872
871
856
898
889
885
875
827
879
940
881
928
900
932
881
882
853
912
914
890
907
869
882
894
873
898
897
897
899
906
903
925
851
927
911
921
901
877
929
935
886
931
908
885
915
922
940
923
940
931
926
927
942
926
959
929
921
906
930
874
932
907
864
933
933
946
937
962
903
925
942
944
943
943
947
969
950
970
865
948
949
951
951
952
957
979
958
981
982
983
903
989
968
969
969
989
969
969
969
900
970
995
905
971
971
974
1000
975
975
985
976
956
978
979
978
976
981
981
948
965
982
982
981
983
1018
1012
1009
945
984
968
987
1021
988
1027
989
1030
1030
994
995
976
1082
998
973
999
1038
1000
1002
1002
997
1043
1028
1010
961
1011
1047
1015
1015
1018
1054
1018
1018
1020
983
983
1019
1056
1021
1022
1062
1024
1025
1065
9002
1027
1027
1027
985
1014
1028
1029
1072
970
1005
1034
1078
1038
1000
1043
1127
1043
1043
1043
1086
1087
1088
1045
1045
1048
1089
1048
1045
1077
1096
1052
1017
1099
1098
1055
1056
1059
969
1060
1062
1025
1063
1063
1065
1064
1112
1113
1060
1052
1066
1115
1066
1119
1072
1074
1079
988
1125
1121
1038
1088
1081
1042
1138
1084
1086
1003
1087
1087
1087
1086
1080
1088
1088
1044
1144
1091
1144
1137
1092
1093
1096
1051
1148
1152
1099
1100
1018
1055
1910
1109
1156
1110
1112
1065
1065
1108
1113
1113
1113
1113
1092
1114
1116
1069
1117
1046
1179
1119
1071
1078
1118
1120
1231
1074
1122
1124
1124
1125
1186
1121
1119
1191
1034
1189
1130
1193
1192
1134
1137
1162
1141
1142
1107
1142
1115
1145
1151
1147
1096
1148
1211
1147
1151
1209
1097
1159
1153
1158
1216
996
1164
1195
1170
1167
1169
1222
1170
1174
1171
1118
1163
1180
1180
1230
1183
1186
1232
1185
1187
1151
1126
1239
1192
1193
1132
1194
1194
1134
1195
1242
1127
1168
1197
1203
1359
1253
1146
1200
1204
1207
1150
1211
1260
1211
1112
1262
1213
1335
1214
1216
1216
1203
1217
1271
1219
1273
1223
1210
1236
1121
1231
1275
1282
1232
1233
1234
1234
1125
1189
1288
1291
1239
1196
1240
1245
1247
1246
1246
1296
1249
1250
1250
1251
1300
1258
1233
1254
1305
1254
1308
1287
1259
1260
1260
1259
1208
1314
1262
1212
1263
1264
1317
1213
1218
1269
1323
1324
1220
1272
1327
1279
1274
1335
1279
1277
1180
1228
1354
1280
1280
1280
1264
1281
1281
1282
1343
1281
1285
1286
1287
1494
1238
1253
1294
1296
1197
1423
1297
1294
1298
1300
1356
1301
1302
1304
1305
1305
1366
1346
1367
1307
1308
1367
1304
1521
1309
1310
1262
1376
1314
1329
1317
1459
1383
1320
1321
1327
1385
1323
1323
1389
1329
1271
1322
1325
1327
1325
1273
1396
1532
1280
1399
1280
1329
1330
1276
1404
1332
1330
1199
1337
1343
1340
1342
1271
1413
1414
1411
1237
1491
1392
1349
1489
1412
1354
1424
1406
1429
1352
1353
1355
1407
1356
1252
1355
1364
1365
1435
1367
1307
1368
1439
1257
1370
1372
1442
1373
1376
1311
1530
1375
1378
1379
1380
1321
1455
1383
1438
1384
1385
1385
1322
1379
1380
1387
1324
1464
1388
1389
1390
1394
1309
1395
1396
1396
1396
1332
1255
1398
1329
1478
1402
1399
1403
1404
1400
1484
1485
1265
1266
1407
1410
1413
1414
1346
1348
1416
1354
1415
1494
1418
1354
1491
1489
1753
1421
1502
1505
1425
1297
1427
1425
1506
1431
1434
1513
1435
1432
1516
1512
1437
1439
1307
1385
1438
1441
1369
1443
1526
1373
1444
1447
1534
1442
1448
1453
1531
1456
1319
1464
1461
1461
1460
1463
1542
1392
1466
1472
1468
1472
1474
1549
1478
1551
1484
1400
1556
1480
1554
1389
1484
1485
1561
1485
1562
1476
1487
1418
1346
1489
1308
1494
1348
1568
1558
1417
1497
1497
1498
1500
1501
1505
1354
1354
1504
1583
1505
1505
1502
1504
1506
1426
1510
1435
1511
1512
1511
1512
1513
1597
1513
1599
1510
1601
1599
1516
1433
1605
1515
1517
1520
1443
1526
1372
1524
1534
1604
1447
1445
1532
1532
1381
1522
1535
1622
1461
1537
1539
1542
1478
1628
1545
1546
1546
1478
1547
1635
1635
1477
1548
1550
1551
1551
1544
1552
1643
1554
1405
1646
1348
1560
1485
1475
1562
1562
1653
1563
1655
1657
1567
1571
1420
1572
1573
1574
1665
1579
1665
1582
1583
1583
1656
1574
1585
1597
1585
1588
1675
1590
1591
1592
1597
1673
1597
1513
1527
1598
1599
1601
1513
1514
1516
1671
1603
1692
1693
1605
1514
1614
1691
1610
1609
1612
1613
1612
1614
1595
1616
1617
1621
1536
1622
1622
1714
1623
1625
1623
1626
1628
1718
1635
1719
1634
1549
1632
1628
1565
1620
1636
1640
1643
1729
1553
1535
1644
1646
1736
1558
1733
1649
1738
1650
1653
1741
1636
1655
1655
1745
1606
1656
1748
1563
1580
1658
1660
1683
1663
1663
1665
1659
1582
1667
1669
1671
1671
1586
1764
1672
1673
1675
1675
1675
1590
1680
1678
1602
1767
1685
1776
1690
1691
1692
1647
1604
1605
1697
1694
1695
1657
1698
1701
1709
1702
1706
1712
1707
1549
1711
1796
1726
1717
1717
1544
1629
1719
1803
1729
1804
1725
1775
1726
1810
1727
1727
1643
1822
1730
1734
1644
1698
1737
1738
1650
1741
1822
1741
1653
1738
1743
1745
1639
1829
1748
1748
1826
1656
1834
1502
1420
1755
1762
1672
1764
1764
1774
1766
1774
1845
1757
1775
1776
1850
1848
1780
1862
1855
1784
1705
1792
1796
1918
1796
1784
1797
1856
1798
1803
1865
1803
1719
1720
1873
1805
1798
1807
1873
1809
1723
1717
1877
1813
1814
1820
1817
1882
1822
1739
1884
1823
1841
1829
1745
1746
1830
1832
1833
1891
1751
1833
1836
1895
1845
1845
1901
1761
1904
1905
1849
1902
1798
1851
1852
1781
1853
1855
1858
1856
1915
1912
1857
1863
1796
1873
1928
1865
1803
1864
1866
1866
1924
1868
1869
1873
1873
1932
1873
1873
1866
1873
1933
1829
1874
1875
1879
1876
1877
1812
1822
1881
1882
1882
1881
1941
1884
1954
1875
1956
1888
1889
1834
1890
1894
1845
1961
1896
1968
1898
1899
1901
1901
1901
1889
1902
1903
1693
1847
1684
1906
1972
1956
1852
1780
1913
1914
1915
1983
1916
1981
1918
1858
1856
1921
1990
1927
1804
1918
1929
1995
1996
1929
1933
1998
1935
1935
1937
1937
1989
1921
1941
1942
1808
1945
1945
2014
1949
2012
1950
1950
1885
1952
2008
1955
1956
1977
1957
1961
2024
1841
1963
1963
1968
1979
1958
1969
1974
1976
1975
1976
1907
4032
1980
2038
1981
1983
1808
2043
1985
1987
1988
1989
1990
2045
2025
1934
1991
1995
2054
1996
1932
1996
2056
1994
1997
1999
1936
2003
2004
2006
2007
2010
2063
2011
2012
2072
1887
2073
2070
2016
2018
2078
2019
2019
2076
2024
1895
1995
2025
2028
2086
2029
2032
2090
2075
2038
2039
1923
2250
2091
2043
2128
2098
2045
2049
2040
2050
2052
2054
2101
2053
2164
2055
2058
1947
2059
2062
2113
2063
2064
2068
2424
2068
2118
2069
2121
2013
2074
2073
2185
2126
2023
2125
2077
2018
2022
2079
2134
2081
2137
2086
2137
2032
2043
2140
2033
2090
2089
2090
2145
2146
2094
2149
2131
2083
2096
2098
2098
1990
1873
2097
2157
2156
2054
2160
2104
2105
2105
2184
2107
2107
2101
2097
2109
2061
2114
2234
2121
2118
2119
2175
2071
2113
2117
2125
2126
1951
2128
2225
2186
2163
2130
2133
2080
1968
2135
2135
2146
2195
2135
2135
2103
2138
2155
2087
2138
2139
2141
2207
2145
2091
2145
2141
2208
2146
2143
2147
2214
2212
2268
2157
2157
2099
2216
2284
2158
2159
2160
2132
2161
1916
2226
2168
2168
2084
2294
2171
2015
2232
2176
2222
2178
2180
2184
2299
2171
2242
2162
2244
2125
2073
2186
2187
2190
2246
2191
2140
2193
2194
2197
2258
2194
2203
2199
2199
2201
2204
2091
2252
2208
2209
2268
2254
2185
2211
2212
2095
2101
2269
2215
2148
2281
2216
2219
2217
2219
2216
2212
2280
2220
2286
2221
2180
2224
2222
2107
2292
2227
2347
2298
2234
2172
2282
2236
2299
2184
2243
2299
2242
2171
2237
2299
2310
2238
2188
2245
2040
2246
2246
2247
2308
2250
2376
2255
2299
2518
2326
2197
2260
2323
2387
2267
2267
2448
2390
2202
2269
2272
2213
2274
2274
2337
2275
2344
2275
2270
2213
2462
2338
2340
2281
2220
2353
2188
2285
2286
2230
2282
2291
2292
2348
2107
2295
2360
2361
2361
2333
2236
2307
2439
2300
2240
2300
2301
2370
2302
2303
2365
2209
2441
2307
2308
2244
2314
2252
2313
2316
2312
2384
2094
2320
2322
2322
2256
2393
2325
2325
2385
2329
2264
2399
2337
2275
2399
2380
2299
2410
2338
2275
2275
2343
2339
2150
2402
2345
2345
2348
2220
2351
2361
2417
2350
2485
2349
2352
2356
2356
2421
2423
2361
2359
2295
2425
2351
2362
2406
2363
2433
2434
2370
2301
2364
2370
2437
2373
2443
2375
2443
2438
2376
2316
2381
2331
2384
2450
2384
2452
2383
2378
2385
2326
2266
2454
2393
2330
2267
2393
2394
2330
2399
2396
2395
2392
2461
2446
2231
2472
2335
2408
2475
2481
2409
2408
2412
2339
2471
2415
2416
2277
2482
2416
2418
2420
2357
2424
2426
2486
2423
2428
2486
2405
2431
2432
2242
2502
2434
2499
2434
2433
2436
2237
2439
2365
2437
2510
2440
2375
2375
2510
2374
2519
2444
2366
2519
2450
2318
2522
2451
2452
2524
2446
2401
2453
2456
2320
2526
2455
2460
2467
2400
2540
2470
2470
2447
2471
2472
2546
2362
2415
2474
2545
2471
2548
2411
2478
2476
2478
2476
2480
2555
2404
2484
2418
2433
2486
2117
2067
2490
2492
2492
2566
2495
2496
2561
2303
2499
2482
2503
2508
2575
2504
2509
2437
2513
2514
2514
2505
2444
2574
2552
2586
2517
2517
2445
2520
2592
2377
2452
2524
2525
2458
2526
2598
2531
2600
2529
2668
2532
2533
2534
2607
2608
2169
2609
2542
2544
2546
2475
2548
2548
2548
2476
2536
2551
2555
2517
2554
2621
2555
2555
2554
2567
2559
2561
2631
2562
2566
2493
2564
2629
2567
2637
2569
2570
2571
2643
2572
2575
2442
2515
2576
2581
2580
2583
2648
2585
2586
2586
2516
2655
2591
2657
2594
2594
2637
2595
2598
2664
2664
2600
2616
2600
2666
2603
2536
2606
2607
2469
2603
2609
2609
2590
2610
2613
2676
2614
2682
2615
2620
2623
2626
2482
2624
2632
2627
2629
2630
2567
2632
2695
2635
2635
2612
2700
2637
2500
2570
2638
2699
2643
2643
2584
2646
2650
2527
2651
2652
2587
2653
2655
2655
2655
2706
2656
2657
2522
2723
2660
2662
2725
2541
2726
2671
2665
2678
2529
2669
2602
2520
2682
2671
2737
2680
2679
2553
2669
2600
2683
2684
2621
2744
2686
2686
2689
2691
2695
2752
2693
2651
2749
2699
2757
2641
2702
2704
2705
2706
2707
2707
2718
2762
2725
2768
2713
2717
2727
2720
2722
2657
2725
2724
2777
2663
2722
2726
2782
2782
2662
2728
2785
2734
2741
2737
2674
2790
2791
2743
2742
2685
2744
2746
2636
2795
2752
2695
2698
2755
2756
2799
2736
2758
2758
2766
2761
2762
2811
2763
2766
2708
2710
2767
2768
2768
2772
2710
2768
2775
2777
2777
2777
2826
2835
2781
2727
2684
2732
2783
2785
2781
2855
2816
2790
2739
2838
2739
2794
2847
2747
2798
2798
2799
2808
2850
2803
2804
2806
2806
2882
2854
2800
2807
2810
2811
2766
2810
2810
2813
2791
2825
2835
2826
2826
2779
2827
2870
2863
2835
2787
2790
2824
2836
2838
2839
2879
2824
2842
2842
2881
2848
2848
2757
2848
2886
2890
2853
2848
2892
2858
2894
2856
2897
2897
2863
2758
2865
2865
2899
2868
2870
2828
2906
2896
2871
2910
2910
2909
2852
2795
2880
2959
2919
2882
2888
2919
2888
2876
2876
2894
2854
2890
2926
2808
2889
2925
2894
2894
2855
2895
2898
2862
2897
2835
2863
2906
2901
2902
2902
2870
2903
2941
2906
2869
2906
2907
2907
2951
2909
2873
2879
2839
2958
2911
2913
2925
2913
2960
2916
2958
2883
2885
2921
2921
2916
2923
2970
2926
2926
2926
2926
2892
2896
2927
2929
2891
2931
2931
2967
2934
2984
2985
2940
2909
2931
2948
2951
2991
2949
2953
2955
2958
2995
2911
2881
3223
2961
2916
2962
2963
3029
3035
3006
2973
2973
2929
2976
2985
2982
2983
2984
3008
2985
3010
2939
2945
2987
2990
2991
3317
2992
3000
3001
3061
2915
2915
2999
3031
3004
2965
3030
3069
3006
3006
3029
3062
3007
3010
3079
3086
3011
3012
3015
3047
3017
3018
3050
3021
3022
3049
3043
3025
3098
2956
2999
3026
3060
3095
3094
3063
3107
2970
3066
3031
3000
3002
3032
3031
3113
3034
3074
3076
3066
3038
3039
3078
2978
3096
3041
3043
3085
3085
3098
3048
3088
3022
3023
3051
3053
3054
3054
3025
3055
3060
3081
3027
3100
3057
3093
3063
3062
3062
3024
3104
3066
3066
3110
3109
3064
3067
3038
3074
3035
3120
3070
3075
3075
3005
3077
3042
3042
3050
3094
3084
3047
3085
3016
3082
3083
3131
3088
3079
3116
3090
3025
3025
3134
3039
3187
3098
3027
3027
3133
3098
3190
3056
2996
3101
3100
3102
3100
3158
3156
3106
3196
3064
3160
3030
3105
3108
3110
3106
3111
3111
3166
3117
3171
3170
3116
3126
3126
3131
3043
2935
3133
3134
3139
3094
3177
3140
3141
3145
3142
3184
3146
3146
3191
3186
3156
3028
3150
3157
3170
3106
3158
3193
3107
3164
3165
3164
3281
3166
3168
3168
3113
3209
3072
3034
3171
3170
3215
3173
3220
3176
3175
3181
3220
3213
3222
3290
3186
3252
3226
3188
3148
3099
3191
3186
3200
3232
3160
3224
3103
3238
3196
3194
3199
3199
3200
3243
3165
3203
3209
3209
3205
3196
3210
3214
3134
3179
3257
3218
3182
3206
3212
3221
3222
3222
3186
3266
3226
3226
3227
3156
3192
3230
3233
3155
3235
3273
3236
3237
3196
3240
3243
3241
3242
3275
3244
3142
3248
3311
3225
3250
3254
3216
3261
3262
3301
3293
3263
3254
3261
3293
3270
3273
3273
3267
3268
3307
3274
3208
3275
3293
3276
3284
3285
3310
3246
3315
2999
3320
3292
3317
3263
3319
3320
3293
3292
3204
3297
3301
3327
3327
3309
3334
3342
2984
3313
3313
3325
3316
3317
3317
3293
3317
3318
3319
3293
3310
3263
3345
3323
3346
3343
3303
3327
3246
3285
3329
3354
3333
3332
3334
3362
3336
3339
3348
3348
3345
3321
3348
3346
3346
3366
3347
3463
3348
3449
3326
3337
3349
3285
3351
3352
3353
3353
3353
3330
3354
3380
3385
3350
3385
3286
3359
3359
3416
3358
3361
3388
3367
3324
3368
3399
3403
3347
3378
3375
3436
3394
3381
3354
3382
3384
3387
3433
3357
3387
3413
3388
3391
3414
3417
3359
3394
3394
3453
3367
3536
3370
3418
3401
3452
3370
3420
3404
3352
3409
3385
3409
3414
3436
3412
3413
3413
3405
3441
3440
3391
3391
3445
3475
3447
3408
3419
3424
3372
3425
3453
3423
3454
3427
3398
3432
3393
3410
3458
3435
3436
3436
3432
3439
3441
3468
3439
3442
3434
3445
3445
3414
3511
3508
3447
3417
3448
3478
3450
3451
3451
3449
3525
3429
3488
3453
3421
3427
3454
3455
3455
3491
3457
3459
3458
3482
3461
3408
3501
3378
3468
3401
3370
3467
3470
3476
3504
3476
3447
3470
3512
3480
3478
3478
3480
3518
3521
3481
3507
3366
3484
3486
3524
3487
3487
3525
3460
3481
3489
3493
3453
3555
3494
3498
3498
3499
3542
3501
3501
3465
3490
3500
3544
3476
3478
3519
3476
3508
3509
3511
3446
3417
3501
3633
3514
3482
3556
3518
3553
3519
3562
3465
3522
3452
3525
3485
3488
3570
3565
3528
3530
3534
3575
3618
3536
3539
3500
3504
3582
3545
3572
3548
3548
3549
3549
3549
3606
3554
3513
3555
3594
3594
3557
3517
3559
3560
3561
3562
3563
3537
3565
3567
3605
3607
3570
3528
3571
3645
3611
3574
3575
3575
3534
3576
3576
3614
3523
3578
3581
3543
3508
3583
3586
3588
3685
3664
3589
3591
3593
3697
3634
3614
3673
3605
3591
3606
3570
3587
3641
3610
3610
3610
3614
3581
3611
3684
3572
3875
3533
3652
3574
3618
3576
3534
3619
3619
3620
3655
3552
3589
3628
3641
3632
3623
3624
3613
3633
3556
3514
3634
3671
3700
3641
3609
3635
3637
3642
3681
3610
3611
3646
3685
3677
3652
3677
3649
3650
3643
3654
3657
3697
3660
3644
3661
3663
3663
3628
3664
3701
3666
3702
3604
3674
3674
3675
3679
3610
3711
3681
3681
3652
3741
3676
3682
3648
3709
3698
3687
3688
3693
3725
3693
3696
3655
3698
3632
3722
3635
3700
3733
3733
3702
3737
3703
3731
3707
3710
3680
3739
3713
3745
3649
3718
3718
3718
3710
3693
3719
3721
3721
3722
3723
3689
3722
3726
3729
3632
3760
3627
3732
3701
3627
3772
3731
3865
3703
3737
3735
3737
3775
3714
3739
3779
3741
3861
3714
3779
3758
3743
3751
3760
3760
3785
3765
3789
3734
3738
3714
3765
3773
3813
3731
3795
3791
3779
3746
3780
3780
3730
3778
3781
3785
3782
3784
3778
3786
3822
3772
3789
3791
3813
3774
3794
3795
3817
3791
3796
3796
3799
3823
3803
3806
3804
3824
3809
3800
3801
3810
3765
3832
3793
3794
3816
3836
3817
3840
3813
3819
3821
3822
3824
3844
3787
3826
3827
3829
3849
3851
3851
3843
3833
3817
3836
3836
3827
3827
3837
3838
3875
3841
3841
3842
3844
3844
3767
3833
3842
3845
3849
3850
3832
3832
3813
3845
3845
3852
3852
3856
3880
3860
3884
3883
3903
3809
3867
3865
3865
3868
3870
3872
3875
3857
3891
3878
3742
3880
3881
3857
3882
3883
3777
3877
3922
3888
3886
3889
3910
3890
3911
3894
3894
3876
3895
3916
3894
3896
3863
3900
3897
3922
3916
3885
3904
3897
3906
3909
3890
3907
3932
3932
3909
3928
3935
3916
3895
3938
3917
3941
3915
3935
3905
3905
3923
3946
3926
3911
3928
3950
3928
3929
3931
3954
3929
3926
3958
3935
3913
3938
3936
3917
3918
3939
3965
3905
3968
3969
3969
3956
3926
3950
3947
3950
3946
3911
3951
3954
3981
3952
3981
3956
3983
3934
3985
3956
3987
3965
3965
3965
3992
3967
3967
3939
3995
3969
3944
3946
3970
3979
3973
3926
3976
3979
3957
3980
3940
4008
3982
3983
3983
3972
3984
3985
3985
4014
3987
3987
3964
3988
3989
3965
3991
3992
3942
3993
3995
3989
3998
3999
4026
4032
4003
4003
4003
4004
4005
4008
4013
3998
4010
4011
4018
4042
4016
3967
4010
4049
4023
4022
4025
4027
3971
4054
4031
4033
4032
4032
4000
4837
4033
4008
4066
4066
4042
4066
4044
4044
4032
4047
4048
4021
4029
4050
4054
4113
4076
4056
4058
4059
4038
4082
4064
4087
4039
4064
4083
4059
4069
4071
4071
4072
4097
4077
4047
4043
4078
4082
4063
4080
4083
4099
4064
4077
4092
4104
4092
4095
4097
4103
4102
4084
4094
4104
4105
4123
4121
4109
4113
4076
4050
4115
4146
4117
4117
4106
4116
4208
4123
4123
4127
4135
4130
4132
4117
4133
4145
4135
4134
4135
4116
4137
4142
4143
4145
4143
4144
4150
4137
4129
4147
4150
4148
4144
4155
4158
4152
4152
4160
4156
4156
4166
4165
4156
4155
4161
4167
4169
4161
4167
4167
4170
4159
4168
4155
4169
4170
4168
4180
4162
4174
4182
4172
4178
4180
4182
4194
4179
4185
4187
4187
4187
4183
4194
4188
4188
4197
4192
4189
4204
4194
4187
4182
4209
4196
4197
4187
4198
4208
4204
4218
4205
4210
4211
4206
4191
4214
4221
4214
4204
4200
4215
4195
4225
4225
4216
4227
4224
4218
4223
4239
4226
4229
4227
4252
4226
4224
4229
4236
4233
4232
4227
4243
4211
4239
4246
4245
4241
4246
4247
4231
4259
4248
4227
4251
4235
4251
4253
4259
4259
4258
4255
4259
4263
4272
4265
4265
4266
4278
4275
4281
4275
4263
4283
4276
4282
4282
4280
4285
4285
4285
4279
4286
4288
4285
4289
4287
4291
4289
4292
4295
4291
4293
4296
4299
4305
4303
4301
4305
4309
4318
4308
4306
4316
4301
4320
4311
4303
4321
4318
4316
4325
4321
4326
4330
4326
4324
4312
4323
4329
4326
4337
4311
4327
4324
4326
4327
4330
4330
4330
4331
4332
4332
4331
4332
4334
4327
4336
4339
4336
4339
4339
4339
4336
4341
4343
4347
4345
4347
4347
4341
4351
4353
4356
4358
4353
4359
4359
4360
4361
4360
4362
4361
4362
4362
4366
4362
4363
4363
4364
4366
4360
4367
4368
4375
4369
4367
4372
4377
4374
4375
4375
4369
4380
4376
4377
4386
4378
4372
4374
4390
4392
4379
4385
4387
4383
4384
4389
4400
4399
4384
4391
4403
4397
4404
4419
4392
4393
4419
4403
4397
4399
4399
4404
4404
4404
4405
4403
4416
4408
4402
4422
4406
4414
4413
4419
4417
4409
4419
4410
4431
4422
4413
4434
4444
4431
4469
4438
4422
4437
4440
4434
4433
4461
4428
4432
4435
4446
4437
4450
4431
4441
4438
4438
4438
4458
4438
4439
4441
4432
4459
4442
4422
4432
4445
4446
4436
4448
4471
4450
4471
4451
4452
4456
4475
4431
4465
4459
4460
4461
4478
4481
4463
4463
4485
4465
4475
4452
4466
4437
4450
4492
4468
4471
4471
4470
4466
4488
4475
4454
4499
4474
4478
4444
4437
4481
4482
4482
4484
4508
4485
4512
4487
4489
4512
4490
4437
4493
4494
4496
4494
4495
4499
4463
4513
4501
4501
4502
4510
4512
4485
4510
4465
4513
4513
4492
4533
4515
4518
4540
4540
4523
4525
4527
4530
4549
4534
4551
4536
4515
4537
4553
4539
4540
4518
4520
4567
4547
4544
4546
4561
4548
4562
4552
4537
4541
4570
4557
4558
4560
4561
4563
4562
4563
4563
4536
4578
4578
4557
4580
4568
4572
4577
4574
4575
4570
4586
4588
4536
4565
4577
4579
4580
4541
4595
4586
4576
4587
4588
4588
4600
4627
4575
4604
4595
4583
4594
4608
4597
4601
4601
4589
4602
4604
4591
4611
4605
4608
4606
4604
4589
4619
4624
4624
4611
4622
4616
4628
4621
4623
4630
4603
4621
4625
4635
4611
4627
4628
4616
4631
4629
4644
4615
4627
4645
4635
4635
4626
4636
4640
4631
4637
4642
4643
4645
4645
4657
4643
4646
4646
4646
4648
4653
4650
4665
4655
4657
4659
4632
4657
4671
4687
4701
4674
4664
4710
4654
4668
4671
4662
4674
4678
4676
4665
4668
4686
4675
4676
4674
4690
4677
4693
4688
4677
4680
4682
4699
4683
4684
4696
4667
4687
4662
4689
4690
4706
4703
4690
4691
4692
4679
4694
4696
4683
4714
4698
4686
4709
4700
4701
4706
4676
4672
4707
4709
4726
4697
4728
4715
4695
4718
4718
4719
4719
4720
4666
4721
4738
4721
4733
4723
4726
4720
4728
4728
4749
4766
4731
4733
4735
4735
4738
4738
4728
4712
4731
4722
4742
4740
4760
4745
4751
4753
4747
4752
4755
4756
4760
4760
4759
4759
4746
4761
4765
4763
4776
4761
4785
4773
4773
4774
4775
4776
4775
4763
4777
4787
4798
4782
4790
4793
4787
4789
4778
4787
4794
4789
4790
4802
4780
4789
4801
4786
4793
4792
4806
4793
4796
4806
4788
4769
4799
4813
4802
4791
4794
4817
4806
4806
4791
4821
4808
4824
4824
4811
4813
4813
4813
4800
4806
4815
4833
4833
4794
4855
4821
4820
4839
4839
4823
4809
4824
4823
4812
4825
4829
4834
4830
4832
4817
4816
4831
4834
4843
4862
4836
5175
4838
4810
4841
4823
4862
4842
4863
4828
4847
4850
4854
4854
4853
4857
4871
4819
4862
4846
4882
4878
4880
4866
4874
4868
4872
4835
4884
4874
4874
4864
4875
4877
4890
4856
4892
4905
4884
4895
4894
4885
4887
4883
4888
4888
4890
4903
4902
4867
4892
4907
4892
4909
4893
4895
4912
4873
4915
4900
4900
4902
4917
4904
4909
4878
5092
4887
4909
4928
4907
4909
4930
4906
4924
4954
4943
4912
4896
4937
4913
4937
4889
4890
4917
4917
4903
4918
4920
4924
4925
4906
4892
4911
4931
4935
4914
4914
4956
4941
4944
4957
4956
4948
4960
4951
4952
4951
4953
4965
4956
4943
4972
4957
4957
4957
4942
4973
4959
4960
4963
4933
4965
4965
4968
4965
4984
4980
4969
4958
4973
5000
4954
4973
4993
4977
4978
4992
4995
4983
4996
4974
4989
4984
4993
5003
4989
4997
4985
4995
4995
4995
5010
4995
5004
4996
4967
5013
4997
4973
4998
4990
5017
4999
5020
5003
5012
5021
5008
5007
5008
5014
4996
5017
5013
5011
5018
5014
5015
5035
5018
4987
5070
5020
5020
5001
4983
5043
5042
5004
5023
5023
5027
5028
5049
5030
5041
5021
5041
5046
5043
5044
5057
5021
5050
5050
5035
5053
5065
5065
5059
5053
5054
5058
5070
5059
5063
5071
5079
5052
5036
5074
5066
5066
5067
5073
5111
5074
5064
5064
5090
5077
5083
5080
5078
5084
5098
5094
5089
5091
5096
5086
5098
5096
5103
5093
5098
5103
5095
5051
5106
5100
5098
5091
5106
5106
5099
5113
5111
5111
5130
5113
5119
5113
5114
5118
5100
5123
5121
5123
5118
5127
5129
5129
5129
5131
5132
5133
5134
5134
5134
5133
5144
5139
5144
5137
5146
5146
5144
5148
5153
5153
5159
5163
5159
5145
5169
5153
5165
5177
5273
5179
5161
5174
5168
5157
5178
5167
5176
5166
5176
5187
5179
5186
5180
5181
5186
5184
5183
5183
5173
5186
5190
5185
5167
5180
5185
5198
5201
5187
5197
5212
5216
5200
5223
5204
5204
5206
5224
5207
5199
5210
5233
5197
5243
5218
5235
5219
5236
5223
5205
5182
5244
5224
5193
5225
5225
5247
5226
5225
5254
5234
5232
5229
5256
5238
5259
5207
5230
5224
5216
5254
5240
5272
5245
5240
5231
5253
5280
5281
5254
5256
5255
5256
5257
5255
5283
5287
5269
5267
5297
5273
5305
5254
5259
5309
5259
5283
5261
5288
5278
5279
5309
5278
5262
5275
5279
5335
5280
5313
5285
5282
5318
5320
5299
5306
5323
5301
5324
5331
5308
5335
5309
5310
5283
5336
5289
5309
5293
5312
5304
5328
5291
5296
5313
5313
5294
5313
5311
5313
5337
5314
5295
5319
5316
5343
5322
5321
5345
5323
5346
5323
5355
5325
5347
5347
5334
5354
5353
5318
5341
5327
5324
5354
5340
5329
5356
5345
5336
5361
5347
5345
5361
5350
5352
5364
5352
5349
5339
5365
5336
5353
5369
5340
5344
5370
5356
5363
5352
5359
5371
5365
5360
5372
5362
5372
5347
5357
5377
5367
5365
5371
5384
5379
5370
5357
5361
5374
5389
5350
5379
5366
5378
5404
5382
5390
5396
5385
5387
5398
5387
5401
5389
5375
5381
5385
5394
5409
5409
5410
5399
5385
5415
5402
5396
5397
5409
5404
5403
5418
5407
5421
5402
5419
5417
5401
5419
5411
5403
5411
5431
5420
5323
5395
5421
5432
5423
5435
5424
5439
5426
5515
5441
5420
5434
5428
5422
5424
5429
5454
5428
5452
5440
5439
5444
5429
5458
5445
5441
5460
5451
5451
5448
5449
5442
5488
5457
5445
5473
5458
5474
5462
5485
5467
5470
5451
5471
5444
5455
5465
5491
5472
5466
5492
5479
5499
5482
5501
5504
5483
5505
5485
5509
5491
5471
5472
5490
5479
5494
5514
5473
5471
5480
5480
5521
5495
5497
5523
5503
5528
5508
5534
5538
5513
5513
5522
5514
5542
5494
5497
5498
5512
5516
5540
5544
5521
5550
5491
5540
5551
5552
5552
5525
5553
5523
5539
5529
5529
5562
5541
5546
5563
5532
5568
5570
5510
5554
5553
5553
5524
5548
5574
5576
5528
5561
5553
5546
5555
5580
5559
5549
5584
5571
5584
5585
5561
5565
5565
5562
5589
5566
5591
5567
5592
5570
5597
5597
5529
5525
5560
5536
5569
5556
5559
5580
5561
5578
5597
5572
5561
5570
5582
5617
5589
5618
5593
5598
5622
5598
5668
5600
5600
5600
5629
5609
5636
5611
5642
5615
5614
5595
5645
5618
5619
5652
5619
5653
5659
5622
5617
5660
5624
5613
5586
5625
5632
5630
5630
5627
5606
5676
5631
5678
5633
5680
5684
5639
5689
5690
5586
5600
5615
5623
5622
5653
5630
5630
5635
5682
5638
5672
5646
5692
5657
5679
5717
5643
5719
5625
5641
5674
5728
5652
5734
5710
5682
5692
5696
5691
5696
5748
5696
5754
5754
5699
5685
5755
5707
5763
5709
5682
6375
5764
5665
5715
5713
5686
5710
5741
5682
5729
5700
5710
5767
5714
5776
5720
5713
5725
5711
5702
5783
5727
5727
5666
5784
5692
5785
5786
5730
5786
5732
5730
5734
5786
5786
5666
5756
5711
5725
5784
5726
5761
5743
5733
5734
5746
5740
5797
5751
5751
5725
5798
5758
5757
5754
5752
5758
5806
5754
5806
5715
5791
5741
5764
5764
5743
5766
5811
5767
5772
5813
5816
5773
5816
5780
5827
5766
5781
5828
5781
5787
5781
5787
5834
5837
5797
5790
5797
5789
5797
5799
5796
5790
5786
5768
5843
5733
5741
5812
5767
5785
5888
5759
5798
5847
5799
5850
5802
5807
5807
5860
5808
5860
5813
5811
5865
5805
5865
5817
5869
5872
5825
5824
5881
5830
5936
5831
5826
5787
5814
5773
5797
5797
5839
5839
5810
5854
5815
5847
5806
5813
5822
5833
5841
5891
5833
5839
5834
5839
5896
5896
5802
5908
5841
5861
5850
5855
5919
5863
5844
5920
5870
5873
5924
5869
5924
5874
5925
5876
5927
5858
5933
5884
5885
5832
5747
5797
5819
5838
5861
5923
5869
5860
5933
5912
5881
5883
5849
5941
5900
5892
5901
5951
5952
5952
5904
5904
5904
5907
5907
5954
5911
5909
5911
5896
5954
5955
5889
5923
5880
5924
5894
5896
5873
5921
5912
5955
5920
5957
5924
5881
5892
5949
5914
5904
5914
5928
5973
5930
5929
5935
5977
5983
5983
5937
5938
5939
5986
5941
5991
5943
5946
5946
5927
5997
5915
5999
5952
6014
5948
5954
5952
5886
6016
5911
5914
6017
5961
5946
5920
5921
5937
5969
5933
5973
5957
5954
5989
6021
5957
5936
5958
5958
5921
6022
5960
5968
6025
5962
6034
5971
5969
5954
5974
6040
6042
5979
5979
5984
6049
5940
6002
5970
5991
5958
6114
5974
5987
6038
6063
5997
6008
6074
6091
6015
6102
6106
6031
6025
6031
6106
6113
6032
6033
6113
5958
5972
5950
6001
6067
6042
6021
6053
5996
6073
6049
6040
6122
6037
6048
6049
6134
6043
6052
6135
6144
6057
6056
6066
6156
6068
6157
6071
6159
6160
6081
6077
6169
6086
6173
6087
6082
6081
6178
6094
6093
6182
6095
6095
6081
6182
6097
6186
6098
6098
6106
6031
6189
6064
6108
6190
6023
6101
5971
5997
6032
6062
6153
6154
6064
6067
6134
6081
6060
6095
6133
6187
6099
6100
6105
6127
6109
6072
6191
6109
6198
6116
6200
6118
6201
6204
6207
6191
6091
6049
6090
6110
6178
6269
6117
6196
6193
6128
6120
6127
6213
6219
6120
6115
6138
6141
6231
6152
6153
6134
6233
6158
6240
6240
6162
6160
6159
6163
6242
6245
6165
6169
6167
6326
6248
6170
6250
6173
6185
6253
6177
6185
6254
6263
6187
6266
6189
6267
6189
6156
6267
6190
6126
6112
6129
6081
6193
6271
6198
6273
6202
6148
6152
6128
6145
6227
6237
6162
6221
6226
6209
6290
6293
6216
6215
6218
6294
6296
6219
6207
6299
6166
6227
6246
6220
6303
6168
6229
6229
6223
6223
6305
6228
6310
6227
6311
6230
6312
6319
6236
6320
6324
6245
6243
6245
6152
6245
6144
6124
6287
6157
6173
6177
6181
6179
6175
6188
6206
6229
6265
6190
6213
6216
6208
6223
6289
6206
6224
6197
6252
6235
6248
6255
6188
6237
6275
6288
6248
6242
6336
6250
6342
6254
6256
6345
6346
6254
6270
6271
6263
6273
6260
6273
6355
6279
6274
6271
6281
6364
6219
6321
6242
6272
6354
6284
6369
6294
6291
6294
6291
6286
6377
6296
6383
6301
6309
6384
6309
6389
6421
6258
6319
6394
6321
6312
6321
6404
6337
6421
6324
6327
6326
6322
6421
6339
6343
6313
6300
6344
6425
6347
6428
6345
6430
6351
6350
6351
6279
6340
6433
6352
6352
6433
6356
6354
6345
6436
6357
6436
6442
6368
6366
6372
6445
6372
6371
6359
6452
6374
6454
6257
6454
6292
6229
6338
8717
6305
6386
6374
6302
6378
6315
6383
6418
6333
6338
6409
6315
6378
6406
6349
6387
6352
6382
6401
6372
6375
6398
6385
6395
6377
6384
6457
6463
6466
6393
6388
6388
6468
6470
6426
6346
6356
6364
6514
6455
6459
6393
6351
6432
6394
6476
6357
6429
6483
6408
6404
6406
6411
6566
6413
6495
6502
6418
6416
6502
6419
6424
6423
6426
6511
6491
6376
6368
6459
6433
6401
6435
6516
6517
6519
6519
6439
6442
6438
6524
6440
6519
6447
6449
6392
6449
6528
6531
6452
6533
6462
6457
6459
6459
6536
6468
6542
6473
6442
6548
6477
6547
6478
6629
6555
6555
6483
6558
6485
6560
6564
6490
6565
6411
6382
6527
6482
6396
6415
6419
6424
6510
6425
6439
6444
6593
6518
6444
6435
6411
6567
6571
6505
6498
6498
6579
6505
6583
6587
6589
6591
6515
6516
6591
6517
6592
6445
6493
6461
6595
6520
6546
6597
6530
6525
6614
6531
6526
6522
6463
6617
6534
6534
6533
6534
6529
6619
6539
6545
6548
6492
6623
6623
6539
6624
6416
6626
6621
6500
6477
6481
6457
6614
6540
6485
6488
6497
6468
6489
6566
6476
6467
6582
6478
6534
6503
6511
6512
6571
6516
6533
6531
6520
6568
6546
6513
6510
6561
6527
6621
6538
6619
6614
6542
6629
6586
6549
6581
6561
6555
6642
6652
6570
6584
6620
6581
6665
6666
6670
6588
6672
6677
6603
6601
6598
6597
6605
6681
6684
6518
6632
6545
6628
6560
6688
6572
6609
6654
6608
6689
6616
6709
6629
6629
6569
6633
6653
6631
6714
6636
6715
6640
6637
6623
6719
6648
6648
6652
6728
6651
6649
6731
6565
6731
6554
6712
6733
6611
6623
6552
6540
6583
6583
6583
6591
6669
6636
6603
6621
6696
6624
6709
6662
6640
6692
6648
6651
6734
6660
6736
6738
6739
6668
6758
6674
6757
6678
6677
6678
6678
6665
6678
6671
6759
6680
6679
6680
6663
6762
6683
6767
6724
6644
6656
6656
6826
6756
6673
6677
6732
6680
6776
6688
6660
6698
6690
6691
6779
6798
6706
6799
6708
6708
6710
6800
6709
6802
6711
6713
6804
6808
6715
6809
6812
6728
6722
6720
6718
6717
6728
6819
6765
6629
6729
6775
6827
6706
6735
6737
6735
6733
6831
6833
6750
6750
6739
6843
6751
6850
6754
6757
6755
6757
6853
6858
6767
6860
6789
6772
6769
6768
6868
6662
6677
6870
6781
6876
6784
6878
6789
6704
6882
6795
6794
6884
6797
6686
6779
6698
6717
6886
6705
6730
6664
6827
6710
6707
6714
6715
6741
6722
6754
6734
6818
6777
6874
6795
6878
6712
6798
6789
6800
6887
6801
6887
6805
6892
6968
6812
6812
6896
6900
6819
6819
6828
6831
6830
6824
6909
6832
6828
6912
6915
6836
6835
6836
6835
6916
6837
6917
6918
6786
6922
6841
6926
6927
6842
6842
6933
6850
6854
6851
6854
6941
6855
6942
6857
6861
6942
6836
6864
6952
6863
6963
6869
6872
6874
6874
6738
6724
6818
6798
6840
6819
6886
6902
6862
6838
6847
6823
6823
6761
6879
6848
6836
6878
6854
6806
6938
6857
6852
6877
6888
6875
6969
6973
6883
6882
6777
6980
6981
6884
6884
6965
6983
6929
6854
6951
6894
6869
6890
6994
6897
6897
6892
6996
6997
6898
6902
6903
6900
6997
7001
7003
6905
7003
7004
6907
6919
7009
6915
7016
6894
7023
6946
6929
6929
7024
6942
6935
7033
6934
6971
6947
6902
7037
6955
7052
6960
6954
7056
6962
7058
6964
7061
6965
7067
6860
7036
6895
7068
6976
7070
6882
6887
7071
6979
7074
6892
6886
6893
6982
6898
6927
6903
6999
6915
6878
7015
6936
6930
6904
6957
6938
6947
6897
7027
6982
6912
7074
7082
6992
6992
6993
6985
7083
7004
7098
7099
7005
6996
7101
7016
7108
7017
7108
7018
7015
7012
7109
7110
7021
7024
7110
7114
7115
7026
7026
7023
7116
7117
7030
7009
7118
7031
7118
7000
7119
7033
7035
7121
7042
7039
7136
7047
7139
6877
6977
6899
6985
6900
6974
6963
6977
7069
6964
7005
6988
7094
7093
7008
6997
7092
7015
7087
7021
7015
7020
7029
7080
7025
7117
7030
7065
7033
7032
7141
7050
7152
7052
7071
7152
7058
7055
7058
7156
7064
7164
7064
7071
7068
7068
7066
7068
7168
7013
7026
7090
6888
7076
7074
7171
7077
7018
7077
7082
7175
7082
7179
6992
7180
7185
7095
7190
7098
7053
7100
7105
7195
7102
7198
7198
7193
7023
7153
7055
7154
7056
7085
7174
7101
7085
7042
7185
7102
7185
7199
7079
7070
7107
7167
7108
7199
7201
7111
7201
7112
7121
7206
7124
7213
7221
7138
7138
7133
7130
7221
7143
7239
7131
7158
7159
7243
7151
7149
7155
7158
7164
7252
7163
7255
7096
7107
7165
7255
7256
7170
7174
7168
7172
7176
7262
7264
7180
7180
7177
7180
7267
7079
7048
7125
7110
7082
7102
7203
7200
7123
7117
7244
7153
7256
7167
7180
7215
7277
7187
7190
7198
7278
7190
7184
7138
7227
7213
7137
7260
7205
7174
7199
7161
7292
7292
7211
7208
7210
7296
7205
7296
7212
7214
7213
7214
7296
7214
7214
7285
7296
7127
7289
7225
7201
7168
7190
7203
7298
7216
7220
7305
7247
7259
7192
7243
7198
7224
7226
7308
7316
7229
7309
7245
7323
7251
7251
7247
7327
7253
7330
7256
7331
7258
7334
7334
7261
7337
7259
7266
7224
7348
7350
7271
7270
7354
7278
7356
7279
7357
7282
7280
7361
7284
7364
7367
7210
7161
7222
7212
7218
7256
7292
7248
7228
7237
7212
7316
7212
7250
7327
7313
7238
7383
7269
7287
7264
7339
7368
7369
7297
7289
7371
7292
7292
7295
7293
7298
7379
7298
7301
7379
7379
7286
7258
7307
7318
7253
7239
7307
7393
7311
7314
7314
7394
7318
7315
7269
7182
7395
7321
7319
7321
7317
7400
7402
7406
7330
7336
7411
7338
7419
7332
7420
7342
7423
7425
7347
7426
7292
7428
7277
7282
7274
7279
7353
7284
7351
7273
7299
7299
7351
7300
7305
7318
7312
7358
7353
7298
7384
7318
7331
7329
7388
7339
7392
7346
7426
7363
7440
7368
7446
7371
7450
7373
7376
7452
7378
7383
7456
7381
7457
7382
7458
7323
7458
7321
7344
7427
7349
7393
7390
7463
7400
7393
7394
7524
7395
7402
7470
7476
7403
7476
7385
7487
7414
7417
7417
7411
7412
7417
7489
7492
7423
7421
7493
7427
7495
7428
7395
7498
7187
7498
7353
7436
7436
7369
7358
7373
7374
7325
7503
7504
7443
7439
7437
7440
7505
7508
7448
7447
7445
7511
7453
7518
7395
7519
7456
7455
7460
7520
7460
7457
7523
7461
7435
7523
7524
7463
7463
7466
7399
7403
7428
7505
7425
7402
7414
7405
7462
7431
7368
7438
7441
7452
7431
7518
7455
7454
7520
7458
7523
7462
7474
7467
7470
7527
7529
7467
7424
7461
7445
7492
7588
7476
7476
7476
7380
7534
7534
7430
7491
7478
7486
7542
7487
7542
7489
7487
7489
7544
7490
7549
7495
7494
7531
7498
7554
7501
7559
7502
7565
7505
7566
7569
7506
7511
7517
7510
7516
7576
7582
7547
7523
7526
7588
7530
7528
7520
7549
7476
7474
7558
7480
7485
7540
7482
7532
7592
7594
7534
7501
7595
7541
7541
7596
7542
7597
7600
7545
7496
7547
7489
7494
7545
7603
7512
7530
7510
7510
7567
7586
7560
7527
7526
7554
7508
7617
7556
7627
7569
7570
7631
7633
7571
7635
7529
7639
7641
7578
7580
7643
7537
7568
7646
7646
7583
7581
7588
7651
7590
7654
7594
7595
7660
7595
7596
7466
7525
7541
7537
7534
7602
7650
7561
7576
7586
7569
7598
7574
7623
7580
7550
7556
7588
7594
7665
7573
7626
7603
7670
7605
7616
7677
7619
7594
7682
7601
7599
7666
7684
7620
7623
7630
7621
7686
7623
7697
7637
7703
7648
7648
7620
7708
7650
7708
7650
7655
7655
7641
7711
7658
7716
7607
7566
7673
7609
7678
7620
7680
7677
7641
7700
7703
7651
7709
7612
7720
7723
7670
7670
7661
7725
7672
7727
7677
7729
7729
7679
7732
7680
7678
7702
7685
7685
7664
7688
7738
7689
7738
7739
7690
7695
7691
7695
7734
7740
7604
7736
7644
7643
7629
7668
7665
7733
7651
7708
7681
7742
7696
7744
7697
7704
7758
7708
7705
7761
7762
7709
7711
7689
7766
7749
7718
7766
7712
7718
7722
7771
7712
7777
7723
7777
7728
7727
7726
7780
7682
7689
7787
7666
7731
7681
7719
7782
7738
7695
7694
7722
7697
7703
7729
7711
7711
7727
7736
7722
7760
7780
7739
7699
7737
7707
7789
7792
7750
7744
7799
7751
7803
7712
7782
7736
7814
7768
7763
7768
7758
7821
7769
7821
7779
7779
7775
7773
7770
7778
7767
7832
7786
7784
7841
7790
7787
7664
7735
7754
7796
7844
7845
7847
7795
7756
7740
7757
7851
7796
7851
7802
7802
7797
7768
7791
7858
7859
7828
7803
7862
7814
7813
7872
7815
7810
7872
7818
7821
7874
7822
7878
7825
7808
7883
7830
7831
7886
7739
7844
7779
7794
7790
7792
7835
7795
7796
7861
7793
7886
7813
7807
7806
7813
7816
7831
7886
7837
7894
7842
7837
7896
7852
7855
7852
7851
7905
7907
7857
7859
7912
7864
7833
7913
7865
7914
7916
7869
7922
7874
7872
7922
7873
7878
7932
7836
7941
7822
7886
7879
7886
7883
7880
7882
7887
7829
7828
7935
7842
7867
7910
7878
7907
7843
7841
7945
7891
7946
7892
7938
7898
7893
7901
7901
7897
7874
7954
7902
7860
7956
7903
7905
7844
7958
7863
7956
7888
7911
7908
7962
7968
7924
7916
7922
7972
7924
7915
7920
7882
7887
7973
7940
7940
7892
7902
7909
7896
7996
7945
7998
7943
8000
7947
8002
7936
7885
7903
7951
7912
7971
7900
7961
7948
7919
7940
7994
7941
7996
7994
7953
7948
7996
7956
8013
7959
7965
7962
7961
8015
8020
8021
7967
8022
7946
7966
8025
8025
7978
7975
7977
8033
7979
8033
8034
7982
7987
8038
7986
8039
7924
7968
8044
8006
7952
7996
7994
7997
7998
8044
8049
8003
8002
8013
8009
8052
8009
8040
8056
7923
7953
7960
7970
8003
7972
7972
7972
8016
8022
7985
7975
8019
8006
8014
8064
8028
7988
7963
8023
8026
8078
8083
8029
8016
8087
8038
8038
8034
8034
8087
8040
8006
8039
8132
8088
7951
8040
7991
8004
8054
8008
8043
8085
8038
8085
8092
8043
8048
8051
8046
8025
8101
8052
8103
8053
8058
8058
8114
8070
8125
8071
8063
8068
8126
8127
8076
8073
8075
8131
8026
8077
8084
8077
8084
8082
8047
8193
8029
8037
8131
8040
8056
8048
8114
8060
8051
8118
8129
8081
8132
8088
8141
8142
8090
8085
8063
8091
8093
8144
8159
8102
8098
8098
8098
8100
8169
8110
8114
8172
8108
8122
8115
8119
8178
8180
8120
8126
8181
8188
8132
8130
8132
8131
8235
8084
8086
8074
8110
8099
8159
8136
8119
8237
8184
8096
8138
8120
8178
8159
8149
8132
8194
8133
8159
8133
8161
8182
8227
8229
8168
8171
8171
8165
8169
8232
8235
8297
8175
8177
8115
8106
8144
8178
8179
8198
8241
8150
8186
8191
8252
8161
8190
8187
8121
8195
8195
8197
8256
8197
8257
8258
8201
8260
8203
8264
8206
8206
8206
8267
8211
8270
8214
8272
8274
8277
8169
8223
8218
8218
8141
8217
8277
8228
8224
8224
8168
8291
8232
8231
8295
8233
8295
8296
8192
8488
8177
8133
8253
8235
8173
8203
8182
8240
8234
8192
8237
8199
8195
8212
8239
8209
8216
8268
8229
8259
8233
8224
8253
8241
8236
8238
8206
8303
8304
8243
8244
8245
8310
8215
8193
8241
8228
8311
8247
8316
8252
8319
8254
8319
8325
8260
8259
8331
8270
8331
8277
8336
8337
8282
8285
8278
8282
8279
8284
8340
8342
8297
8350
8298
8350
8300
8356
8372
8250
8357
8243
8256
8330
8265
8331
8272
8266
8285
8280
8294
8329
8270
8333
8314
8302
8293
8347
8301
8288
8320
8434
8377
8303
8322
8378
8268
8323
8323
8439
8391
8329
8392
8319
8396
8305
8397
8336
8338
8333
8335
8338
8337
8333
8403
8406
8339
8341
8409
8343
8346
8411
8414
8317
8291
8417
8349
8418
8358
8328
8423
8363
8424
8354
8426
8366
8366
8369
8428
8368
8430
8376
8372
8348
8311
8433
8315
8373
8374
8327
8267
8321
8423
8331
8331
8333
8363
8342
8360
8382
8360
8350
8338
8419
8348
8417
8366
8364
8412
8371
8409
8380
8439
8446
8395
8448
8396
8401
8401
8451
8338
8340
8420
8383
8379
8441
8436
8422
8408
8398
8456
8459
8420
8428
8464
8412
8423
8429
8425
8426
8470
8420
8433
8472
8420
8359
8443
8467
8429
8437
8441
8439
8435
8402
8482
8440
8483
8441
8420
8483
8444
8486
8444
8446
8424
8448
8482
8447
8491
8449
8492
8492
8451
8452
8450
8451
8454
8497
8455
8498
8456
8500
8461
8458
8457
8512
8462
8463
8513
8517
8464
8465
8517
8471
8459
8523
8476
8480
8526
8477
8526
8526
8392
8380
8527
8436
8445
8479
8437
8444
8486
8535
7948
8539
8443
8449
8450
8493
8460
8462
8464
8498
8471
8460
8453
8480
8495
8494
8544
8559
8504
8518
8571
8572
8521
8521
8511
8486
8523
8525
8574
8445
8573
8478
8471
8477
8510
8519
8533
8533
8521
8525
8476
8577
8522
8578
8528
8578
8488
8527
8573
8544
8532
8526
8540
8580
8537
8583
8587
8490
8564
8542
8532
8539
8542
8589
8555
8547
8556
8591
8598
8559
8562
8555
8592
8600
8565
8552
8601
8602
8566
8563
8604
8569
8568
8609
8563
8613
8613
8580
8578
8579
8618
8581
8582
8618
8618
8619
8585
8544
8585
8586
8589
8625
8592
8620
8627
8586
8573
8562
8593
8594
8575
8569
8562
8646
8609
8589
8543
8593
8578
8597
8581
8576
8633
8601
8598
8598
8597
8601
8633
8604
8593
8640
8630
8595
8611
8646
8615
8647
8648
8619
8651
8652
8627
8565
8590
8597
8626
8607
8593
8604
8645
8619
8605
8628
8624
8658
8647
8614
8624
8664
8634
8670
8637
8672
8634
8638
8616
8674
8674
8641
8677
8657
8648
8648
8646
8678
8657
8646
8687
8658
8688
8690
8664
8697
8626
8670
8631
8666
8640
8640
8645
8668
8670
8671
8701
8674
8706
8675
8645
8708
8677
8676
8675
8709
8681
8680
8682
8681
8571
8666
8559
8653
8711
8664
8714
8715
8687
8685
8660
8683
8739
8693
8694
8716
8717
8696
8721
8705
8698
8703
8704
8692
8728
8666
8732
8708
8691
8709
8735
8713
8709
8736
8715
8714
8683
8689
8715
8716
8677
8716
8741
8699
8734
8699
8712
8723
8718
8713
8723
8741
8744
8725
8709
8747
8727
8749
8749
8732
8743
8740
8725
8721
8760
8729
8755
8738
8715
8731
8773
8743
8761
8759
8763
8722
8742
8750
8750
8756
8764
8751
8754
8766
8751
8766
8756
8769
8742
8748
8753
8763
8750
8768
8749
8747
8762
8774
8762
8761
8776
8765
8782
8769
8763
8806
8784
8735
8753
8764
8775
8805
8778
8793
8780
8788
8770
8784
8818
8802
8803
8779
8790
8805
8823
8770
8781
8795
8786
8792
8785
8790
8808
8804
8796
8823
8790
8824
8796
8825
8813
8816
8828
8814
8829
8817
8809
8800
8823
8829
8772
8801
8818
8839
8822
8830
8837
8826
8826
8826
8817
8838
8829
8835
8813
8830
8839
8825
8842
8845
8829
8826
8836
8834
8808
8836
8834
8838
8848
8855
8839
8846
8841
8854
8847
8839
8849
8858
8852
8862
8863
8848
8851
8854
8842
8862
8858
8850
8867
8866
8879
8880
8868
8870
8880
8853
8872
8875
8868
8869
8874
8885
8886
8877
8878
8890
8882
8894
8884
8884
8875
8878
8883
8896
8885
8901
8887
8902
8892
8910
8923
8893
8903
8911
8915
8904
8920
8902
8921
8910
8931
8912
8906
8887
8906
8922
8931
8913
8913
8914
8914
8935
8921
8944
8884
8884
8915
8928
8916
8951
8933
8958
8934
8960
8938
8936
8959
8961
8912
8938
8955
8939
8931
8948
8942
8966
8949
8945
8975
8954
8979
8960
8960
8956
8967
8988
8963
8992
8966
8995
8944
8998
8970
8931
8999
8971
8969
8938
8975
8980
9006
8979
9010
8984
9011
8951
9000
8960
8984
8984
8971
8994
8963
9005
9008
8967
8977
8974
8989
9028
8989
9020
9031
9005
8999
8999
9036
9009
9045
9016
8972
8995
9003
9046
9007
9048
9016
9015
9019
9055
9028
9028
9023
9027
9064
9029
9012
9064
9034
9033
9068
9039
9091
9076
9029
9070
9036
9022
9078
9043
9082
9084
9050
9087
9044
9046
9025
9090
9055
9055
9067
9068
9058
9097
9060
9064
9062
9062
9101
9067
9041
9104
9040
9043
9053
9047
9014
9054
9106
9072
9085
9109
9085
9079
9081
9093
9120
9088
9122
9089
9123
9091
9126
9061
9031
9070
9087
9085
9104
9086
9122
9094
9053
9134
9099
9167
9118
9100
9094
9106
9135
9100
9140
9113
9146
9112
9113
9146
9116
9064
9150
9117
9151
9154
9123
9118
9123
9094
9120
9156
9124
9157
9127
9163
9132
9132
9107
9142
9138
9136
9168
9140
9148
9143
9141
9172
9176
9113
9104
9019
9114
9119
9154
9145
9146
9127
9171
9154
9186
9119
9106
9167
9200
9139
9143
9172
9144
9160
9166
9194
9200
9164
9165
9164
9189
9125
9154
9189
9170
9155
9184
9166
9200
9176
9210
9210
9182
9180
9212
9183
9212
9171
9206
9217
9190
9218
9186
9223
9195
9224
9160
9164
9190
9165
9168
9171
9180
9193
9207
9226
9196
9202
9201
9112
9204
9229
9177
9210
9230
9205
9200
9209
9232
9235
9212
9216
9213
9216
9239
9219
9240
9241
9224
9224
9224
9224
9243
9225
9244
9245
9208
9208
9229
9210
9211
9236
9238
9224
9227
9215
9229
9230
9231
9247
9233
9247
9246
9214
9225
9239
9230
9254
9239
9245
9221
9240
9259
9262
9248
9245
9241
9262
9253
9249
9250
9273
9255
9255
9252
9271
9256
9271
9261
9276
9265
9241
9259
9277
9262
9255
9248
9264
9278
9273
9316
9293
9250
9262
9286
9268
9263
9293
9298
9277
9274
9280
9307
9292
9287
9281
9277
9316
9296
9322
9298
9323
9307
9299
9333
9334
9334
9313
9338
9314
9292
9340
9316
9315
9312
9014
9320
9340
9294
9308
9347
9322
9349
9324
9319
9351
9353
9326
9326
9353
9330
9314
9332
9361
9274
9290
9309
9356
9349
9326
9335
9346
9362
9338
9399
9340
9368
9375
9337
9376
9314
9354
9351
9356
9379
9387
9359
9360
9392
9363
9327
9316
9345
9326
9376
9351
9358
9365
9367
9402
9344
9408
9370
9376
9376
9414
9417
9380
9378
9376
9419
9425
9396
9432
9398
9400
9435
9400
9435
9401
9366
9436
9370
9370
9383
9411
9402
9409
9383
9411
9444
9412
9444
9446
9447
9417
9424
9420
9407
9399
9428
9430
9456
9429
9430
9425
9431
9459
9453
9387
9391
9389
9434
9411
9444
9447
9418
9441
9437
9430
9435
9415
9463
9439
9463
9468
9463
9415
9444
9441
9438
9417
9435
9465
9467
9446
9456
9470
9448
9449
9452
9428
9471
9473
9453
9440
9473
9454
9459
9477
9460
9462
9462
9461
9441
9480
9466
9485
9459
9487
9485
9446
9453
9457
9477
9462
9497
9467
9472
9469
9471
9489
9472
9489
9473
9483
9474
9473
9489
9487
9483
9498
9501
9488
9475
9480
9503
9503
9491
9507
9467
9449
9494
9488
9491
9500
9494
9478
9511
9498
9516
9516
9504
9522
9509
9500
9431
9499
9523
9495
9497
9514
9517
9518
9531
9518
9510
9532
9519
9534
9520
9528
9536
9526
9544
9529
9543
9510
9541
9512
9517
9518
9520
9545
9543
9538
9553
9538
9538
9553
9540
9553
9521
9555
9530
9546
9546
9539
9530
9556
9547
9556
9546
9557
9553
9559
9530
9551
9544
9546
9555
9556
9563
9558
9563
9556
9556
9564
9554
9564
9557
9560
9577
9569
9566
9567
9570
9581
9570
9571
9576
9565
9569
9578
9579
9586
9589
9583
9571
9585
9591
9587
9592
9589
9593
9560
9564
9585
9590
9588
9589
9594
9594
9592
9596
9596
9594
9597
9599
9597
9601
9596
9605
9605
9606
9609
9608
9610
9608
9612
9613
9617
9617
9605
9614
9618
9620
9619
9620
9624
9621
9622
9623
9617
9623
9619
9622
9623
9624
9626
9625
9630
9632
9633
9636
9639
9639
9639
9635
9632
9641
9639
9644
9644
9641
9648
9644
9648
9650
9650
9804
9653
9650
9654
9654
9652
9654
9657
9661
9652
9663
9666
9661
9666
9668
9673
9727
9670
9666
9670
9672
9663
9669
9673
9676
9676
9678
9681
9682
9686
9684
9683
9687
9686
9689
9680
9687
9688
9698
9688
9690
9698
9698
9683
9683
9709
9702
9712
9706
9704
9717
9709
9717
9718
9710
9719
9714
9711
9722
9698
9725
9707
9717
9722
9731
9718
9713
9731
9723
9704
9722
9667
9724
9664
9721
9730
9733
9737
9734
9734
9738
9735
9735
9735
9725
9725
9734
9735
9740
9736
9738
9741
9740
9742
9741
9741
9745
9744
9742
9743
9745
9747
9751
9750
9750
9749
9749
9750
9750
9757
9751
9752
9762
9757
9751
9750
9759
9760
9761
9762
9772
9755
9764
9768
9754
9772
9772
9769
9780
9773
9775
9775
9773
9776
9779
9778
9780
9780
9767
9765
9785
9787
9789
9789
9785
9786
9794
9794
9795
9802
9801
9802
9802
9797
9797
9803
9805
9806
9804
9804
9808
9806
9808
9796
9810
9812
9815
9816
9814
9819
9816
9817
9816
9819
9820
9820
9820
9821
9820
9827
9836
9820
9822
9824
9823
9835
9820
9829
9825
9821
9827
9828
9833
9821
9837
9825
9836
9836
9836
9837
9839
9842
9842
9833
9845
9848
9856
9853
9860
9861
9845
9862
9863
9861
9863
9865
9865
9863
9865
9872
9881
9876
9877
9882
9868
9878
9890
9888
9882
9885
9888
9878
9886
9877
9886
9893
9890
9897
9874
9892
9890
9893
9896
9893
9891
9894
9896
9896
9897
9885
9900
9900
9900
9901
9905
9909
9909
9909
9903
9910
9913
9908
9914
9919
9928
9924
9922
9923
9928
9923
9916
9920
9922
9925
9921
9928
9923
9928
9929
9934
9938
9932
9933
9937
9945
9938
9939
9937
9939
9945
9939
9939
9941
9949
9948
9953
9946
9928
9950
9954
9949
9949
9957
9952
9958
9963
9960
9957
9963
9961
9963
9959
9964
9970
9965
9964
9973
9963
9974
9971
9981
9976
9976
9979
9977
9974
9981
9976
9983
9989
9985
9983
9993
9988
9993
9989
9990
9981
9988
9991
9989
9991
9995
9990
9995
9999
9999
9994
9998
9996
9995
9999
