0
0
8
0
3
1
4
7
6
9
10
5
12
7
5
11
18
10
6
6
6
27
12
8
10
15
16
27
9
19
30
16
21
23
22
25
27
16
40
30
19
31
31
28
42
35
46
38
36
33
50
47
38
46
46
55
50
50
41
44
51
64
53
55
60
57
56
59
69
51
113
71
70
68
61
68
70
71
71
71
67
72
72
81
73
79
83
80
83
75
90
91
85
84
87
89
89
90
90
68
106
91
96
93
100
99
100
84
101
104
106
98
102
111
110
111
113
121
120
115
109
115
116
117
122
344
118
124
124
129
118
125
129
127
127
137
129
140
126
129
130
132
142
135
145
145
140
147
142
142
137
135
144
141
154
118
147
146
147
159
144
155
148
178
144
152
152
153
154
154
137
155
155
159
159
146
161
161
178
163
163
150
148
167
185
185
163
168
178
171
190
180
191
183
183
163
184
189
167
181
186
186
188
203
204
181
191
192
195
193
197
185
207
197
201
203
190
202
214
225
206
207
195
208
210
226
212
214
218
229
219
231
204
211
221
228
229
229
177
228
242
231
237
236
236
271
240
231
240
219
248
249
254
251
264
252
249
257
255
255
256
257
257
257
281
258
258
259
259
269
258
271
253
263
263
254
264
266
269
258
268
270
271
271
260
285
277
277
260
283
285
285
268
283
290
286
290
296
295
289
300
300
300
304
304
301
303
297
303
309
327
309
311
304
313
313
314
305
321
323
327
326
330
327
299
328
324
322
329
329
330
334
344
339
349
999
353
328
339
345
353
361
351
371
363
384
349
351
365
353
380
363
359
363
368
388
370
355
377
392
372
400
379
384
388
384
371
371
378
411
413
387
399
395
418
397
420
423
400
358
424
406
428
345
349
408
411
391
412
403
416
412
397
431
415
416
435
410
430
421
417
393
419
436
416
428
415
428
424
443
426
444
438
421
417
447
449
432
436
435
431
429
453
424
427
436
451
439
436
436
458
449
448
444
443
467
442
449
455
476
456
447
478
458
456
457
459
480
456
469
463
463
485
461
482
487
470
488
474
466
452
491
496
481
481
503
486
504
505
472
471
488
514
490
488
490
507
492
508
489
484
488
512
500
496
496
497
504
486
479
494
494
496
523
506
507
513
507
509
532
514
516
532
520
536
513
514
519
513
539
527
527
531
543
521
540
521
534
533
525
534
550
569
539
535
557
540
539
557
558
545
544
572
550
532
550
578
536
556
556
544
551
575
558
562
541
563
549
580
564
580
569
596
571
570
568
562
588
553
532
558
588
579
578
581
593
579
577
582
567
571
579
592
593
590
608
581
586
608
581
610
591
590
610
591
607
611
599
601
612
603
617
621
605
595
585
610
611
598
607
607
624
623
614
614
637
621
633
610
633
625
624
634
624
625
626
623
610
622
620
615
622
632
628
641
638
642
642
632
641
642
652
640
651
643
652
630
639
656
648
642
649
646
653
650
646
655
660
653
653
666
659
655
662
667
660
673
667
677
670
666
659
657
683
683
675
675
689
679
675
693
679
692
679
697
684
686
692
655
671
701
688
701
705
695
691
707
707
698
697
699
709
693
696
701
710
701
708
709
709
714
699
715
704
714
722
716
703
716
711
711
711
717
720
718
719
722
714
721
718
720
722
725
725
728
726
728
729
729
730
731
732
731
731
736
736
736
737
740
741
740
742
746
751
747
748
695
747
751
755
753
751
754
756
752
758
769
763
763
756
766
766
770
763
771
750
772
775
773
775
774
773
776
774
771
780
778
778
781
786
783
781
785
791
787
785
788
786
788
791
791
791
792
793
794
796
785
796
799
798
799
802
801
800
802
804
805
810
810
811
810
809
811
817
823
819
823
816
823
823
832
828
825
831
838
833
848
838
853
838
854
826
842
852
841
861
836
845
859
866
833
854
868
857
854
878
858
866
869
872
871
866
875
868
867
856
869
860
857
856
880
871
869
894
873
872
881
875
876
886
880
868
886
869
883
895
849
860
881
897
890
900
895
904
896
881
893
898
904
907
898
900
902
904
902
896
894
912
896
905
908
909
912
910
904
913
926
927
919
921
930
909
925
914
918
926
934
930
927
930
928
932
935
931
938
934
934
934
934
936
930
938
930
945
939
945
924
947
949
941
941
943
946
947
950
950
944
950
949
953
950
954
952
958
954
960
964
962
962
963
957
962
970
969
964
970
976
975
974
980
973
980
978
980
964
964
981
978
981
980
975
981
982
982
982
985
988
990
991
991
985
989
993
996
997
998
995
998
998
998
