Algoritma : quicksort-random10k  Süre (ms): 1.4093
1
0
1
1
3
2
4
7
7
15
8
5
12
7
14
20
94
21
21
24
26
23
21
24
22
32
27
31
33
42
32
55
42
43
32
49
50
45
49
42
45
46
53
51
49
44
44
47
50
54
49
51
60
70
59
123
77
57
62
52
61
58
63
62
65
69
62
62
68
73
65
76
66
75
65
75
107
81
73
72
64
80
86
93
77
81
78
86
82
76
108
86
89
112
110
88
93
96
90
95
97
90
99
98
102
113
107
106
107
106
113
108
110
110
109
124
118
124
118
123
121
136
124
119
124
127
124
127
127
131
127
125
131
131
124
170
137
138
141
141
141
141
145
148
141
157
143
141
148
142
150
147
146
152
150
143
169
177
150
160
165
151
154
154
154
155
155
211
149
157
156
172
181
176
162
158
160
159
175
180
164
182
184
245
142
137
168
168
156
171
190
172
171
171
234
212
178
194
178
197
178
213
182
179
179
259
160
206
172
172
182
204
219
199
228
179
165
190
197
196
199
199
201
200
209
178
239
201
213
227
228
208
224
220
230
223
231
231
192
231
226
241
167
159
214
226
236
230
237
195
173
234
236
238
249
246
244
232
229
259
254
246
258
246
260
262
261
268
265
464
268
273
270
274
275
275
275
275
277
276
275
277
277
280
278
283
290
280
286
386
284
286
292
285
287
287
295
279
298
291
307
291
292
296
292
294
286
332
298
299
307
314
300
290
313
304
300
317
321
304
290
317
303
300
311
345
338
319
310
326
315
337
348
315
318
324
324
318
323
343
317
315
329
329
331
344
332
332
348
370
348
335
336
345
352
332
334
371
354
362
349
358
366
353
371
375
359
363
364
359
354
375
368
365
373
365
376
378
379
381
381
383
385
385
391
385
387
389
390
438
390
392
393
394
394
395
395
397
394
399
397
400
400
401
404
408
407
400
402
404
404
404
403
407
417
415
396
419
415
413
405
419
414
409
419
420
426
426
428
431
432
448
432
434
445
437
437
439
439
440
441
444
442
440
444
444
440
446
447
447
447
450
451
453
451
450
448
453
464
457
456
457
455
458
464
464
461
468
514
471
471
474
472
458
465
473
475
491
468
485
483
511
471
482
452
476
492
472
472
476
494
478
482
499
475
469
468
486
509
498
506
493
496
502
479
520
493
503
499
510
492
508
554
520
498
500
507
511
505
509
508
527
508
511
518
481
483
521
532
490
513
531
542
538
541
468
539
537
521
524
527
566
564
543
531
530
514
532
522
549
503
539
533
555
573
513
540
537
515
536
542
540
541
558
565
521
570
558
528
545
577
543
549
586
561
553
609
568
555
561
553
551
621
542
517
528
595
586
594
541
543
576
566
568
571
602
553
585
512
534
567
578
598
586
587
600
586
588
588
619
617
585
616
586
586
601
605
599
606
610
617
610
576
624
621
615
620
621
632
535
622
622
632
623
633
619
632
624
624
634
628
639
634
637
635
636
648
646
650
633
641
649
645
644
657
646
637
640
659
651
652
657
658
670
660
675
663
668
665
667
667
673
667
673
672
676
676
664
703
665
684
674
681
675
671
678
680
680
665
686
691
687
699
695
696
703
693
694
695
698
700
693
691
700
718
695
699
702
704
710
707
708
708
716
716
732
694
708
719
712
716
709
718
723
714
713
714
739
717
721
725
722
722
725
704
704
730
728
729
746
738
730
733
731
731
732
747
741
740
723
738
741
742
761
772
757
815
752
757
750
755
763
760
762
728
781
767
774
760
760
760
761
765
727
774
755
753
758
761
762
763
782
767
766
756
769
769
767
772
774
790
722
765
782
804
762
785
790
798
804
799
776
790
783
812
792
804
794
798
801
810
822
813
811
816
803
819
801
812
794
793
796
826
810
790
814
824
806
798
770
824
799
831
814
822
834
824
822
868
816
852
841
905
827
828
850
831
877
820
819
850
835
832
801
837
870
834
870
827
840
866
841
822
851
845
860
880
864
869
870
897
886
863
882
874
885
856
864
865
856
881
830
867
866
867
890
892
838
853
901
890
853
869
853
855
805
871
907
899
873
872
874
856
943
874
875
1003
860
906
879
884
898
871
871
882
923
885
867
894
912
857
843
869
900
897
995
922
928
900
929
842
932
842
927
907
911
931
935
903
914
949
926
915
944
946
969
926
898
952
925
929
927
951
932
931
908
1014
889
965
961
903
933
968
947
921
940
940
942
968
969
1048
1000
943
948
969
976
948
930
978
976
937
1045
1018
1264
969
987
940
1026
999
921
969
903
933
957
945
989
962
969
970
974
1002
971
1000
838
975
958
979
975
979
978
1009
981
1028
985
1113
1056
981
983
1042
1018
983
984
982
981
995
1020
1022
1072
942
1030
1028
989
989
925
1027
988
994
1000
976
950
1002
997
1044
1148
881
1081
970
1005
971
1010
1011
1021
1052
982
1012
1017
1056
1024
982
998
1063
1025
1019
1025
1148
1307
969
1027
985
988
1027
1038
1030
1027
1069
2399
1034
1121
1078
1286
1112
1091
1086
983
959
1043
1142
1126
1088
1043
1043
1043
1089
1260
1018
1051
1308
1052
1048
1059
1062
1015
1018
1054
1015
1055
1060
1062
1065
1098
1113
1063
1060
1099
1018
1115
1046
1138
1029
996
1034
1125
1071
1074
1072
1124
1144
1078
1038
1118
970
906
1065
1065
1088
981
973
1145
1084
1087
1082
1045
1088
1087
1124
1141
1159
1096
1204
1021
1092
1158
1213
1151
1087
1112
1055
1096
1099
1109
1100
1108
1113
1164
1080
1112
1113
1120
956
951
1174
1115
1114
1113
1169
1066
1121
1121
1119
1119
1186
1118
1117
1134
1077
1074
1137
1189
1125
1132
1127
1389
1189
1282
1203
1134
1197
1150
1086
1512
1122
1142
1137
1255
1185
1147
1092
1211
1147
1162
1151
1274
1209
1216
1156
1153
1217
1097
1167
1163
1219
1168
1223
1119
1170
1171
1170
1066
1179
1228
1107
1232
1231
1087
1222
1130
1186
1236
1183
1354
1180
1180
1187
1192
1192
1246
1193
1296
1196
1194
1249
1250
1510
1445
1258
1262
1144
1262
1043
1045
1260
1208
1263
1110
1320
1376
1211
1207
1234
1212
1146
1269
1211
1218
1275
1064
1220
1232
1116
1231
1280
1281
1285
1233
1213
1238
1288
1038
1282
1237
1239
1088
1245
1240
1246
1254
1294
1373
1195
1194
1296
1305
1609
1253
1356
1247
1200
1307
1309
1309
1254
1180
1310
1203
1317
1259
1093
1319
1262
1259
1260
1322
1257
1317
1327
1271
1214
1348
1266
1321
1216
1280
1277
1216
1272
1337
1279
1280
1280
1280
1276
1279
1233
1308
1234
1250
1956
1281
1335
1500
1193
1125
1354
1079
1355
1354
1359
1304
1197
1301
1297
1300
1300
1127
1375
1305
1435
1442
1307
1305
1298
1294
1367
1376
1311
1096
1152
1308
1314
1322
1380
983
1210
1314
1383
1323
1264
1273
1321
1325
1323
1324
1324
1325
1327
1396
1330
1195
1396
1549
1390
1271
1404
1405
1329
1332
1407
1407
1330
1335
1412
1346
1343
1415
1281
1340
1348
1353
1429
1287
1491
1352
1354
1354
1348
1425
1461
1365
1242
1239
1355
1427
1287
1379
1438
1435
1356
1368
1439
1230
1065
1364
1373
1367
1443
1601
1369
1414
1456
1380
1378
1047
3330
1323
1381
1383
1384
1297
1414
1265
1453
1461
1389
1385
1464
1388
1478
1385
1466
1385
1392
1273
1271
1191
1395
1478
1396
1394
1548
1399
1628
1418
1343
1329
1485
1552
1367
1400
1404
1498
1332
1494
1411
1406
1502
1410
1342
1417
1291
1418
1574
1416
1502
1400
1424
1675
1505
1421
1423
1420
1510
1441
1513
1590
1432
1517
1442
1516
1251
1433
1435
1534
1437
1438
1463
1402
1443
1526
1370
1439
1522
1447
1620
1472
1346
1535
1385
1455
1460
1151
1459
1461
1544
1464
1623
1546
1544
1474
1549
1468
1551
1553
1554
1476
1558
1398
1392
1484
1561
1329
1372
1556
1656
1565
1485
1487
1489
1489
1504
1327
1329
1354
1420
1657
1568
1494
1497
1413
1504
1502
1567
1497
1582
1585
1505
1506
1614
1512
1252
1431
1597
1506
1511
1511
1513
1199
1086
1514
1599
1591
1513
1602
1526
1434
1701
1516
1515
1516
1520
1605
1537
1444
1865
1527
1621
1524
1447
1530
1531
1535
1532
1597
1573
1717
1542
1655
1539
1532
1634
1545
1472
1389
1562
1477
1478
1723
1547
1478
1546
1649
1399
1396
1551
1643
1551
1554
1622
1650
1484
1475
1640
1558
1505
1655
1403
1583
1656
1579
1413
1489
1349
1494
1571
1534
1604
1658
1563
1572
1574
1491
1580
1671
1582
1692
1616
1733
1583
1583
1605
1585
1613
1379
1586
1663
1685
1513
1513
1590
1597
1592
1692
1599
1598
1697
1612
1693
1253
1304
1706
1514
1599
1781
1603
1610
1302
1366
1606
1702
1614
1866
1622
1691
1675
1387
1644
1542
1536
1719
1717
1877
1562
1629
1484
1628
1480
1726
1813
1639
1636
1635
1632
1646
1550
1727
1646
1643
1725
1643
1738
1644
1485
1741
1901
1563
1657
1532
1833
1622
1748
1672
1653
1653
1653
1655
1659
1562
1485
1665
1663
1656
1665
1751
1667
1665
1669
1671
1671
1764
1673
1501
1512
1672
1680
1425
1775
1505
1906
1605
1684
1678
1809
1691
1690
1597
1855
1595
1693
1694
1601
1695
1707
1372
1698
1698
1705
1711
1803
1810
1796
1626
1625
1712
1714
1832
1719
1718
1628
1719
1807
1784
1727
1720
1797
1822
1635
1636
1729
1823
1734
1730
1729
1738
1560
1647
1737
1741
1738
1741
1739
1822
1745
1745
1834
1804
1834
1808
1588
1683
1660
1748
1743
1845
1757
1764
1761
1845
1767
1764
1755
1912
1780
1979
1852
1774
1776
1863
1858
1796
1604
1650
1792
1623
1521
1780
1856
2068
1866
1798
1869
1796
1803
1805
1796
1947
1873
1804
1875
1726
1812
1921
1830
1745
1936
1814
2006
1635
1822
1884
1829
1898
1817
1829
1829
1826
1841
1845
1803
1803
1748
1891
1833
2121
1841
1753
1905
1889
1775
1915
1774
1847
1798
1850
1907
1848
1853
1873
1784
1798
1918
1675
1675
1981
1858
1856
1862
1864
1855
1873
1932
1997
1921
1709
1617
1866
1932
1856
1937
1868
1873
1894
1873
1955
1873
1918
1746
1448
1874
1951
1873
1873
1895
1956
1717
1549
1736
1876
1980
2028
1961
1882
1877
1968
1881
1885
1888
1822
1890
1889
1968
2019
1762
1902
1963
1899
1845
1952
1903
1914
1776
1976
2025
1976
1913
2049
1852
1916
1918
1915
1882
1990
1923
1994
1901
1902
1985
1995
2107
2004
1857
1935
1910
1766
1929
1934
1998
1928
2003
1935
1949
1882
1820
2012
1968
1945
2015
1941
1896
1873
1999
1942
1941
1945
1950
2019
2303
1808
1963
1895
2039
1950
1958
1961
2096
2053
1972
1974
1975
1977
1851
1673
2040
1904
2073
1346
1426
2038
2071
1879
1836
2050
1990
1989
1989
1990
2007
1991
1987
1612
2055
1983
2024
1927
1995
1924
1996
1995
1996
2063
2069
1937
2018
2011
1929
2072
2008
2074
2128
2013
1887
2081
2014
2018
2010
2061
2086
2022
2083
2097
2059
1956
2091
2090
2025
2038
2078
1875
2097
1981
2406
2029
2043
2101
2045
2043
2103
1969
1916
2266
2033
2054
1983
1849
2052
2113
2117
2054
2058
2054
2171
2184
2067
2118
2064
2073
2012
2243
2126
1865
2130
2075
2080
2135
1933
2131
2090
2128
2084
2045
2135
2540
2091
2145
1988
2091
2090
2163
2148
2094
2141
2146
1884
1881
2043
2032
2095
2141
2157
2160
2040
2107
2159
2101
2099
2105
2101
2104
2105
2077
2168
1901
1933
2125
2086
2180
2113
2068
2138
2056
2184
2114
2125
2117
2121
1996
2175
2238
2247
2062
2194
2126
2199
2132
2076
2079
2197
2134
2133
2135
2016
2137
2137
2138
2201
2023
2209
2089
2087
2032
2098
2211
2140
2209
2444
2216
2145
2150
2216
2146
2147
2281
2220
2184
2212
2158
2156
2098
2157
2160
2157
2107
2224
2222
2140
2171
2168
2161
2232
2185
2199
1901
2237
2118
2242
2307
2370
2180
2307
2185
2188
2186
2282
2187
2188
2195
2246
2070
2202
2194
2325
2193
2191
2162
2348
2146
2409
2155
2399
2268
2270
2207
2204
2208
2269
2212
2275
2275
2143
2215
2213
2214
2221
2349
2360
2217
2216
2220
2285
1957
2245
2164
2145
2230
2169
2222
2423
2295
2226
2231
2234
2299
2441
2119
2063
2236
2237
2236
2171
2373
2303
1954
2299
2242
2302
2314
2178
2250
2125
2190
2186
2135
2252
2252
2318
2244
2073
2277
2326
2299
2203
2208
2385
2225
2267
2172
2269
2333
2267
2343
2275
2149
2213
2274
2275
2339
2274
2268
2275
2281
2331
2350
2351
2352
2353
2286
2286
2284
2347
2361
2227
2387
2415
2361
2197
2548
2244
2370
2242
2299
2299
2295
2308
2234
2298
2374
2301
2378
2376
2024
2384
2301
2310
2312
2316
2313
2337
2390
2255
2320
2316
2320
2393
2339
2345
2258
2260
2291
2400
2337
2272
2401
2326
2325
2335
2330
2329
2340
2470
2338
2514
2254
2416
2348
2345
2356
2219
2425
2282
2292
2351
2219
2356
2555
2357
2420
2361
2361
2416
2344
2322
2362
2362
2412
2486
2433
2574
2365
2366
2299
2482
2246
2323
2375
2485
2370
2375
2375
2447
2384
2450
2377
2527
2240
2513
2380
2383
2394
2395
2330
2443
2393
2385
2392
2469
2399
2107
2109
2396
2404
2402
2405
2462
2471
2280
2408
2471
2499
2418
2338
2418
2250
2476
2220
2481
2426
2423
2410
2486
2292
2417
2294
2415
2424
2486
2411
2433
2505
2365
2364
2472
2500
2508
2393
2564
2434
2436
2437
2437
2460
2256
2510
2484
2438
2440
2516
2524
2570
2267
2519
2384
2519
2446
2094
2586
2264
2443
2520
2522
2664
2452
2531
2453
2532
2455
2602
2458
2456
2475
2461
2322
2467
2098
2551
2470
2472
2474
2471
2424
2476
2541
2308
2478
2478
2480
2542
2554
2575
2359
2433
2482
2623
2482
2632
2548
2492
2567
2490
2629
2431
2381
2496
2495
2510
2522
2499
2509
2643
2439
2439
2546
2300
2300
2586
2442
2492
2448
2428
2591
2594
2454
2525
2643
2408
2376
2514
2663
2668
2517
2518
2600
2526
2526
2529
2600
2603
2524
2534
2529
2536
2609
2614
2139
2176
2536
2517
2545
2660
2363
2546
2548
2552
2553
2629
2493
2637
2630
2554
2555
2624
2561
2631
2562
2637
2567
2566
2503
3542
2212
2476
2475
2515
2571
2636
2437
2581
2570
2594
2651
2583
2434
2434
2572
2651
2585
2655
2576
2655
2445
2662
2592
2586
2584
2600
2520
2598
2685
2662
2600
2598
2603
2609
2533
2452
2606
2607
2671
2607
2669
2610
2679
2451
2612
2609
2613
2727
2736
2615
2803
2616
2695
2567
2621
2569
2621
2758
2559
2698
2638
2641
2699
2555
2727
2635
2632
2566
2702
2707
2637
2706
2710
2561
2544
2656
2575
2580
2682
2446
2246
2590
2713
2648
2737
2646
2720
2787
2722
2766
2655
2655
2657
2666
2657
2669
2587
2452
2737
2664
2657
2752
2671
2595
2517
2739
2676
2682
2608
2683
2678
2680
2757
2620
2684
2684
2732
2762
2421
2432
2755
2686
2762
2689
2695
2699
2758
2772
2626
2710
2450
2444
2548
2700
2704
2504
2768
2650
2706
2707
2717
2766
2708
2502
2777
2783
2643
2782
2555
2627
2722
2724
2653
2726
2749
2915
2734
2728
2665
2795
2674
2739
2799
2746
2744
2743
2742
2804
2747
2768
2810
2896
2863
2757
2782
2811
2693
2635
2758
2761
2695
2768
2725
2725
2767
2763
2777
2768
2824
2777
2903
2705
2785
2726
2779
2781
2781
2718
2785
2835
2723
2725
2848
2848
2790
2794
2800
2741
2790
2790
2795
2798
2873
2686
2910
2798
2891
2838
2855
2913
2810
2806
2865
2813
2811
2775
3063
2863
2816
2909
2810
2826
2835
2777
2870
2766
2824
2876
2826
2827
2882
2791
2652
3025
2876
2842
2883
2752
2847
2890
2848
2839
2848
2888
2892
2894
2926
2854
2892
3025
2806
2897
2885
2869
2828
2826
2858
2868
2808
2808
2906
2906
2894
2909
2913
2870
2870
2863
2881
2910
2916
2799
2871
2931
2836
3016
2880
2882
2881
3030
2926
2886
2888
2990
2839
2978
2852
2744
2894
2894
2854
3035
2807
2691
2896
2907
2897
2897
2909
2955
2825
2838
2901
2862
2906
2948
2906
2902
2902
2899
2951
2907
2958
2934
3004
2965
3017
2853
2911
2911
3041
2976
2835
2915
2995
2898
2927
2916
2916
2984
2970
2856
2985
2889
2879
2925
2935
2984
2926
2926
2926
2923
2921
2929
2983
2967
2931
2940
2756
2895
2865
2941
2931
2999
2956
2951
2958
2958
2939
2949
2959
2960
3001
2855
3011
2963
3005
2791
2973
3022
2970
2953
3015
3000
2973
2985
3106
2991
2919
3107
3024
3027
2987
3029
3067
3031
2999
2999
3078
2982
3000
3043
3042
3133
3010
2992
3043
2984
3006
3006
3006
3148
3051
3010
3012
3050
2961
3100
3047
2835
3064
2962
2850
3018
3062
3023
3057
2945
3066
2929
3064
3070
3027
3027
3028
3029
3030
3063
3200
2996
3031
3034
3032
3076
3038
3120
3035
3031
3066
3085
3002
3050
3096
3042
3098
3043
3060
2921
2879
3048
2919
3008
3101
3054
3098
3055
3021
3062
3060
3100
3047
3066
3066
3107
3111
3072
3074
2925
2842
2985
3110
3170
3075
3075
3126
3077
3079
2991
3039
3083
3133
3085
3084
3079
3082
3007
3095
3175
3131
3088
3093
3094
3088
3146
3186
3094
3142
3098
3104
3054
3156
3099
3025
3100
3053
3098
3103
3102
3105
3113
3157
3158
3164
3026
3022
3056
3025
3049
3235
3168
3111
3110
3166
3116
3212
3139
3081
3085
3034
3168
3134
3134
3039
3038
3134
3179
3086
3145
3142
3141
3187
3221
3160
3106
3106
3190
3156
3146
3193
3113
3196
3156
3155
3238
3160
3166
3165
3205
3206
3150
3062
3170
3216
3209
3171
3126
3131
3220
3173
3171
3176
3181
3177
3192
3090
2890
3243
3182
3140
3268
3222
3188
3191
3194
3233
3094
3196
3226
3196
3285
3261
3215
3199
3117
3109
3164
3237
3116
3200
3208
3204
3165
3210
3209
3069
3209
3218
3170
3263
3214
3213
3220
3459
3184
3191
3186
3186
3263
3223
3226
3226
3293
3158
3232
3230
3108
3227
3196
3273
3317
3061
3224
3244
3203
3199
3285
3242
3074
3240
3225
3236
3246
3222
3222
3248
3250
3290
3293
3263
3252
3262
3254
3261
3257
3266
3327
3275
3310
3186
3270
3273
3274
3349
3293
3333
3313
3281
3243
3292
3286
3315
3394
3254
3346
3318
3267
3276
3301
3293
3293
3413
3327
3343
3320
3285
3284
3303
3309
3336
3301
3311
3317
3316
3313
3292
3332
3293
3273
3324
3345
3346
3351
3348
3319
3246
3320
3354
3352
3358
3325
3329
3323
3321
3404
3310
3241
3357
3337
3334
3345
3366
3353
3421
3319
3370
3348
3368
3297
3347
3350
3347
3348
3387
3317
3384
3275
3307
3354
3342
3353
3352
3391
3327
3362
3359
3391
3359
3370
3334
3367
3366
3339
3375
3403
3370
3367
3372
3394
3414
3385
3348
3385
3401
3410
3405
3380
3381
3385
3387
3408
3414
3408
3353
3378
3418
3391
3388
3354
3378
3455
3317
3429
3399
3398
3394
3401
3555
3440
3409
3436
3413
3409
3382
3436
3439
3453
3359
3361
3413
3445
3447
3501
3417
3419
3447
3388
3449
3581
3423
3528
3424
3393
3457
3427
3468
3436
3346
3326
3433
3434
3435
3412
3476
3441
3445
3445
3442
3416
3461
3414
3476
3417
3524
3451
3478
3439
3487
3420
3446
3450
3476
3452
3451
3491
3453
3454
3436
3482
3432
3425
3453
3458
3557
3500
3498
3501
3463
3467
3504
3448
3478
3449
3509
3468
3475
3488
3476
3470
3427
3478
3480
3559
3481
3481
3507
3610
3447
3519
3525
3317
3465
3454
3611
3465
3485
3490
3489
3571
3513
3494
3534
3534
3500
3484
3501
3487
3511
3486
3452
3508
3504
3470
3501
3553
3508
3511
3512
3545
3548
3556
3594
3604
3519
3514
3522
3562
3549
3525
3480
3478
3523
3525
3560
3488
3586
3575
3575
3530
3650
3576
3441
3536
3455
3499
3534
3576
3537
3549
3548
3543
3581
3508
3632
3591
3552
3544
3536
3607
3563
3539
3565
3460
3432
3555
3567
3570
3517
3518
3610
3605
3610
3565
3614
3582
3611
3633
3574
3623
3620
3583
3533
3493
3614
3514
3572
3572
3575
3578
3660
3606
3594
3554
3627
3518
3589
3587
3655
3731
3591
3610
3556
3561
3593
3610
3498
3611
3605
3644
3606
3648
3614
3521
3417
3714
3632
3627
3528
3570
3641
3619
3482
3661
3613
3618
3618
3663
3574
3696
3628
3632
3664
3635
3570
3576
3641
3458
3635
3634
3643
3634
3641
3675
3642
3609
3681
3682
3645
3589
3646
3673
3649
3685
3693
3655
8340
3588
3549
3689
3624
3619
3693
3657
3700
3666
3697
3703
3684
3679
3654
3674
3637
3703
3677
3677
3680
3709
3681
3731
3722
3676
3697
3652
3718
3652
3688
3693
3652
3700
3663
3628
3698
3453
3698
3664
3710
3729
3733
3701
3674
3702
3707
3737
3714
3741
3714
3710
3711
3739
3723
3734
3824
3649
3687
3718
3721
3719
3721
3725
3722
3722
3842
3701
3633
3731
3765
3730
3760
3702
3562
3816
3713
3733
3732
3671
3742
3737
3796
3741
3745
3772
3743
3778
3738
3779
3758
3780
3785
3765
3760
3789
3751
3735
3767
3774
3773
3810
3775
3685
3778
3793
3821
3779
3779
3681
3784
3800
3765
3795
3718
3785
3782
3780
3786
3804
3813
3789
3787
3836
3809
3739
3791
3863
3794
3777
3791
3822
3794
3799
3827
3781
3803
3826
3806
3837
3791
3795
3813
3822
3760
3726
3832
3817
3819
3772
3844
3843
3823
3827
3746
3845
3827
3824
3809
3833
3813
3852
3857
3832
3829
3813
3836
3851
3836
3832
3840
3844
3838
3875
3841
3875
3817
3844
3849
3845
3801
3845
3849
3850
4197
3896
3737
3880
3796
3857
3881
3833
3856
3883
3883
3903
3895
3842
3890
3817
3841
3894
3872
3870
3867
3868
3894
3905
3875
3852
3877
3878
3851
3904
3882
3946
3860
3911
3884
3916
3861
3915
3876
3906
3865
3905
3918
3929
3888
3987
3895
3865
3938
3913
3897
3916
3886
3891
3928
3956
3880
3900
3910
3909
3935
3911
3917
3894
3965
3909
3907
3922
3939
3923
3865
3905
3971
3952
3926
3926
3956
3928
3950
3931
3956
3932
3954
3929
3965
3932
3934
3935
3935
3939
3922
3967
3942
3940
3917
3941
3944
3973
3928
3951
3957
3946
4004
3916
3926
3983
3947
3965
3954
3984
3964
3983
3911
3983
3950
4032
4018
3950
4104
3967
3965
4027
3938
3936
3998
3965
3967
3969
3946
4044
4005
3969
3897
4038
4008
3890
3885
4010
3980
3981
3981
3889
3985
3985
3985
3987
3958
4016
3979
3989
3988
4003
3982
4031
3926
3991
3972
3998
4050
4032
3993
3995
3999
4000
4025
3968
3970
3987
3976
3979
4042
4008
4010
4071
4056
4013
4023
4021
4022
4026
4059
3995
3969
4039
3989
4064
4029
4033
4032
4032
4043
4050
4066
4003
4003
4014
4044
4064
4095
4048
4011
4049
4032
4076
4071
4054
4092
4054
4064
4084
3992
4063
4069
4066
4066
4008
4174
4047
4042
4047
4077
4058
4076
4102
4078
4033
4080
4082
4083
4113
4082
4083
4087
4092
4094
4072
4077
4115
4059
4106
4097
4099
4104
4116
4097
4103
4109
4113
3992
4123
4116
4117
4117
4105
4130
4133
4123
4117
4121
4127
4132
4137
4129
4170
4135
4134
4135
4135
4156
4146
4168
4143
4145
4150
4144
4143
4145
4144
4155
4155
4150
4148
4152
4165
4155
4160
4161
4167
4123
4156
4152
4156
4162
4169
4147
4167
4178
4142
4169
4168
4161
4166
4167
4158
4170
4172
4179
4246
4137
4159
4180
4182
4180
4194
4182
4187
4191
4187
4187
4182
4192
4183
4185
4188
4195
4189
4194
4187
4187
4194
4211
4197
4198
4188
4204
4196
4200
4209
4205
4206
4210
4208
4211
4214
4204
4208
4214
4204
4215
4216
4246
4239
4227
4229
4221
4224
4227
4223
4224
4226
4225
4218
4226
4227
4229
4233
4218
4231
4251
4225
4227
4252
4232
4239
4236
4243
4247
4235
4241
4245
4251
4248
4253
4255
4259
4266
4259
4259
4263
4258
4263
4265
4272
4265
4259
4278
4275
4361
4321
4327
4275
4276
4367
4285
4280
4281
4279
4282
4285
4285
4282
4285
4283
4288
4308
4286
4289
4289
4287
4295
4291
4291
4301
4293
4292
4303
4296
4299
4318
4301
4316
4309
4312
4305
4306
4311
4305
4303
4311
4316
4326
4320
4321
4329
4326
4325
4318
4324
4323
4327
4326
4326
4324
4327
4336
4332
4330
4330
4331
4330
4331
4332
4337
4334
4336
4353
4332
4330
4339
4339
4336
4341
4339
4347
4345
4343
4351
4347
4347
4341
4339
4353
4356
4360
4359
4358
4359
4360
4364
4361
4362
4360
4369
4362
4362
4363
4366
4362
4363
4368
4375
4375
4369
4377
4374
4367
4374
4372
4372
4399
4386
4366
4391
4377
4380
4379
4389
4387
4399
4384
4375
4413
4384
4385
4436
4397
4397
4376
4413
4404
4433
4410
4392
4383
4399
4393
4390
4392
4402
4409
4378
4404
4403
4404
4403
4406
4419
4400
4422
4405
4414
4408
4416
4419
4419
4422
4422
4431
4496
4451
4437
4431
4431
4434
4437
4422
4438
4404
4518
4419
4441
4441
4450
4452
4403
4417
4463
4434
4450
4437
4435
4437
4438
4438
4438
4465
4431
4440
4439
4460
4432
4481
4432
4459
4469
4445
4471
4471
4428
4446
4446
4512
4438
4450
4468
4452
4437
4461
4458
4459
4456
4492
4463
4463
4466
4484
4448
4444
4489
4466
4494
4488
4495
4454
4475
4471
4470
4475
4475
4478
4474
4482
4465
4465
4513
4485
4485
4487
4478
4510
4490
4485
4492
4493
4520
4432
4515
4494
4482
4471
4499
4515
4512
4461
4510
4501
4481
4527
4508
4536
4513
4501
4536
4518
4442
4540
4525
4541
4523
4499
4502
4537
4530
4512
4544
4561
4540
4536
4572
4534
4537
4540
4561
4539
4444
7184
4541
4560
4570
4580
4558
4513
4553
4557
4557
4549
4551
4548
4608
4646
4547
4563
4562
4546
4580
4576
4562
4588
4568
4586
4565
4574
4563
4583
4591
4629
4577
4578
4579
4567
4623
4604
4563
4595
4575
4586
4595
4588
4589
4578
4603
4577
4587
4588
4611
4600
4597
4594
4601
4601
4602
4604
4604
4575
4605
4606
4622
4552
4533
4625
4631
4621
4624
4611
4650
4636
4616
4635
4615
4619
4621
4665
4626
4631
4616
4627
4643
4627
4637
4654
4645
4635
4628
4635
4589
4570
4657
4632
4645
4630
4683
4642
4640
4653
4645
4644
4646
4646
4662
4648
4655
4667
4728
4657
4664
4657
4659
4672
4662
4665
4668
4678
4624
4608
4611
4677
4696
4671
4668
4674
4707
4674
4675
4690
4676
4676
4683
4719
4677
4694
4689
4682
4698
4687
4643
4627
4690
4686
4674
4690
4687
4686
4688
4703
4692
4706
4733
4679
4695
4697
4710
4718
4696
4699
4718
4676
4706
4720
4701
4700
4709
4684
4728
4709
4731
4747
4691
4731
4714
4719
4712
4738
4715
4628
4721
4806
4763
4701
4749
4728
4726
4723
4728
4726
4671
4759
4745
4753
4680
4722
4693
4735
4733
4738
4735
4720
4760
4765
4752
4854
4759
4755
4742
4721
4756
4774
4773
4751
4666
4763
4766
4791
4760
4787
4833
4773
4769
4761
4811
4786
4761
4746
4776
4780
4777
4776
4787
4794
4787
4793
4794
4789
4788
4789
4790
4775
4816
4847
4806
4775
4790
4789
4834
4793
4798
4785
4812
4824
4760
4809
4794
4796
4815
4832
4808
4799
4838
4823
4802
4821
4813
4824
4810
4813
4813
4813
4792
4819
4800
4802
4846
4828
4835
4793
4839
4837
4821
4833
4782
4791
4823
4823
4824
4868
4831
4825
4829
4830
4850
4856
4854
4834
4842
4862
4806
4806
4836
4843
4841
4820
4817
4839
4863
4862
4778
4862
4853
4855
4740
4738
4888
4857
4864
4866
4884
4817
4873
4872
4878
4806
4888
4885
4871
4883
4890
4877
4892
4874
4801
4880
4884
4892
4900
4878
4867
4887
4902
4874
4903
4874
4906
4890
4890
4925
4893
4909
4892
4889
4875
4914
4915
4906
4892
4917
4900
4896
4924
4905
4903
4912
4937
4895
4894
4911
4909
4909
4931
4907
4909
4895
4956
4882
4917
4944
4913
4928
4914
4887
4937
4917
4924
4918
4912
4907
4951
4930
4933
4952
4954
4920
4902
4904
4943
4959
4935
4956
4954
4948
4951
4957
4953
4960
4956
4957
4957
4967
4942
4973
4941
4973
4985
4957
4958
4963
4943
4965
4965
4965
4972
4968
4973
4980
4983
4993
4983
5001
4984
4973
4977
4990
4974
5003
4996
4998
4965
4993
4978
4987
4969
4989
5020
4992
4995
4995
4999
4995
4995
4960
4996
5014
4997
4997
5146
5018
4989
4984
5004
5021
5003
5008
5013
5004
5000
5008
5007
5012
5052
4995
4996
5014
5013
5017
5015
5018
5017
5010
5050
5042
5011
5027
5041
5023
5020
5035
5020
5021
5023
5028
5046
5059
5036
5043
5041
5059
5043
5064
5021
5050
5030
5066
5084
5065
5054
5035
5044
5051
5057
5058
5080
5053
5074
5079
5071
5063
5053
5049
5064
5065
5066
5086
5073
5074
5091
5070
5077
5078
5089
5083
5067
5092
5090
5091
5095
5070
5100
5100
5093
5111
5096
5096
5098
5098
5106
5094
5119
5098
5098
5118
5103
5118
5113
5106
5099
5111
5114
5134
5103
5113
5113
5121
5111
5106
5123
5129
5123
5130
5127
5134
5129
5133
5131
5129
5133
5144
5134
5146
5132
5144
5137
5190
5144
5148
5145
5153
5139
5168
5153
5153
5157
5159
5159
5178
5161
5169
5167
5165
5174
5173
5166
5184
5176
5175
5167
5177
5186
5180
5187
5176
5163
5179
5181
5197
5180
5182
5186
5183
5179
5186
5183
5185
5187
5185
5197
5229
5223
5200
5230
5257
5201
5198
5232
5244
5193
5204
5225
5199
5207
5205
5216
5218
5204
5219
5210
5224
5243
5254
5216
5206
5223
5224
5256
5207
5212
5224
5225
5236
5225
5233
5240
5234
5238
5255
5259
5589
5231
5235
5255
5323
5247
5389
5240
5254
5254
5256
5370
5336
5245
5273
5254
5253
5285
5275
5256
5226
5259
5279
5273
5259
5272
5269
5280
5291
5279
5267
5309
5280
5278
5311
5313
5282
5281
5304
5261
5305
5297
5287
5296
5288
5299
5595
5295
5316
5797
5293
5278
5262
5289
5308
5283
5301
5306
5668
5313
5312
5309
5310
5313
5313
5283
5283
5314
5294
5318
5318
5364
5309
5313
5309
5319
5320
5328
5350
5323
5324
5322
5321
5329
5325
5334
5323
5343
5324
5336
5352
5335
5345
5336
5340
5339
5335
5327
5340
5337
5331
5341
5371
5344
5323
5372
5345
5352
5347
5365
5347
5353
5349
5347
5347
5354
5356
5345
5346
5353
5350
5361
5361
5352
5356
5355
5359
5360
5357
5361
5365
5369
5362
5371
5354
5357
5363
5366
5370
5365
5372
5375
5385
5387
5378
5379
5379
5384
5374
5389
5367
5385
5387
5385
5504
5390
5759
5505
5377
5382
5381
5424
5396
5396
5409
5397
5410
5401
5420
5394
5398
5395
5399
5401
5402
5403
5402
5419
5403
5423
5409
5407
5404
5409
5404
5411
5411
5420
5417
5421
5418
5419
5421
5424
5415
5542
5426
5422
5432
5429
5428
5428
5434
5435
5429
5431
5442
5439
5441
5444
5439
5441
5440
5553
5497
5444
5445
5445
5454
5448
5449
5451
5451
5457
5452
5458
5455
5465
5460
5458
5485
5462
5491
5451
5474
5479
5466
5470
5471
5471
5472
5467
5471
5472
5473
5473
5479
5495
5480
5490
5483
5480
5553
5482
5485
5488
5491
5510
5494
5499
5561
5491
5514
5497
5498
5514
5508
5492
5513
5494
5515
5512
5509
5522
5529
5521
5540
5523
5559
5523
5513
5553
5528
5528
5525
5524
5552
5529
5539
5501
5529
5562
5538
5536
5559
5540
5544
5561
5503
5516
5546
5541
5534
5548
5570
5546
5550
5565
5580
5555
5569
5532
5551
5560
5570
5561
5521
5572
5562
5568
5570
5525
5552
5549
5554
5553
5556
5563
5571
5574
5565
5617
5754
5567
5576
5761
5580
5672
5566
5561
5584
5584
5597
5609
5585
5586
5589
5617
5593
5592
5618
5606
5622
5598
5582
5630
5598
5600
5600
5630
5625
5613
5615
5727
5618
5734
5591
5615
5740
5600
5578
5630
5682
5631
5597
5619
5622
5622
5689
5623
5711
5625
5730
5627
5629
5700
5597
5586
5611
5619
5666
5635
5600
5630
5660
5666
5633
5632
5652
5638
5674
5642
5657
5678
5624
5715
5646
5653
5652
5686
5702
5639
5643
5682
5692
5707
5659
5741
5679
5685
5641
5728
5682
5676
5732
5645
5653
5690
5734
5696
5692
5773
5696
5696
5710
5709
5699
5754
5682
5713
5711
5714
5785
5767
5720
5781
5725
5715
5680
5785
5758
5665
5684
5733
5727
5764
5729
5691
5754
5741
5733
5741
5725
5614
5636
5725
5844
5713
5717
5768
5752
5743
5710
5692
5754
5710
5730
5784
5743
5799
5817
5747
5719
5787
5790
5755
5834
5825
5758
5802
5766
5764
5764
5767
5827
5833
5786
5772
5781
5751
5734
5787
5748
5790
5784
5783
5797
5796
5726
5781
5787
5751
5802
5763
5757
5797
5773
5811
5776
5843
5780
5786
5786
5832
5746
5816
5756
5810
5797
5797
5789
5766
5833
5797
5797
5798
5798
5824
5819
5791
5806
5799
5806
6242
5807
5812
5811
5808
6688
6603
5767
5786
5813
5806
5826
5830
5786
5839
5813
7064
5814
5834
7139
5815
6230
5839
5831
5828
5807
6157
5841
5841
6113
5968
5813
5816
5850
5854
5838
6067
5884
5847
5805
5839
5858
5996
6064
5861
5861
5860
5855
5849
6037
5863
6081
5885
5837
5881
5870
5933
5869
5872
5921
5876
5873
6110
5881
5881
5865
6032
5883
5839
5822
6031
5924
5850
5904
5936
5847
5909
5860
5891
5911
5888
5869
5886
5889
5869
5873
5865
5904
5860
5927
5892
5894
5896
5933
5880
5908
5892
5924
5896
5874
5904
5896
5928
5900
5901
5907
5941
5907
5939
5914
5912
5914
5911
5951
5969
5920
5915
5919
5896
5954
5921
5957
5920
5920
5923
5961
5925
5946
5946
5933
5952
5969
5962
5937
5911
5936
5950
5912
6071
5941
5955
5923
5943
5904
5938
5952
5927
5929
5946
5930
5935
5957
6081
5937
5957
5940
5958
5948
6043
5954
5921
6106
5952
5952
5954
5924
5958
5924
5949
5958
5970
6067
5960
5914
5977
5954
5954
5971
5955
6001
6008
5958
5983
5973
5987
5997
6002
5983
5979
5974
5989
6023
5991
5973
6099
5999
5972
5971
6095
5997
6034
6014
5997
6021
5979
6015
6016
6098
5974
6081
6017
5984
6033
6032
5986
5991
6022
6095
6064
6031
6038
6042
6040
6354
6394
6031
6042
6101
6025
6294
6049
6357
6049
6049
6374
6198
6057
6346
6060
6254
6384
6072
6311
6273
6077
6073
6081
6347
6394
6087
6300
6048
6338
6240
6093
6062
6091
6066
6098
6351
6102
6097
6383
6349
6108
6106
6106
6105
6128
6112
6040
6021
6090
6081
6082
6049
6056
6094
6053
6063
6086
6074
6159
6052
6187
6100
6091
6095
6152
6163
6109
6129
6169
6198
6115
6117
6152
6162
6120
6126
6124
6202
6189
6127
6114
6134
6128
6177
6133
6134
6145
6305
6025
6109
6170
6113
6138
6116
6175
6148
6118
6127
6182
6122
6144
6159
6190
6153
6141
6135
6235
6068
6279
6154
6288
6157
6156
6156
6120
6179
6248
6166
6207
6213
6167
6165
6173
6173
6168
6245
6293
6185
6177
6178
6219
6185
6160
6243
6186
6245
6152
6223
6187
6190
6296
6189
6274
6196
6233
6197
6191
6191
6284
6200
6158
6201
6257
6229
6263
6134
6291
6144
6178
6173
6160
6229
6188
6188
6240
6190
6193
6220
6246
6271
6206
6204
6169
6215
6207
6216
6209
6237
6153
6193
6182
6206
6223
6294
6281
6216
6227
6218
6223
6231
6221
6279
6224
6254
6227
6250
6289
6213
6252
6219
6267
6219
6286
6228
6226
6229
6287
6237
6322
6375
6245
6315
6208
6162
6248
6299
6248
6253
6302
6256
6181
6258
6345
6266
6267
6301
6245
6344
6242
6229
6271
6272
6269
6303
6290
6291
6359
6265
6366
6292
6372
6270
6364
6242
6305
6254
6271
6273
6273
6236
6294
6326
6275
6355
6376
6309
6255
6345
6312
6315
6387
6313
6260
6398
6319
6320
6411
6368
6404
6309
6296
6250
6310
6392
6324
6321
6324
6327
6409
6333
6955
7009
6339
6666
6342
6343
6884
7025
6345
6900
6457
6352
6352
6356
6346
6354
6350
6352
6351
6656
6735
6371
6372
6368
6369
6828
6519
6357
6377
6374
6734
6898
6377
6375
6800
6382
6734
6483
6263
6227
6312
6321
6388
6388
6386
6336
6611
6389
6547
6396
7024
6459
6401
6401
6915
6406
6651
6408
6812
6326
6189
6321
6319
6337
6356
6338
6364
6421
6425
6382
6440
6393
6393
6384
6378
6378
6452
6340
7004
6411
6442
6413
6404
6997
6912
6351
6406
6439
6385
6428
6418
6418
6419
6511
6882
6534
6424
6421
6416
6489
6429
6425
6423
6624
6794
6432
6933
6652
6435
6416
6964
6436
6438
6899
6498
6439
6884
6372
6395
6383
6435
6445
6419
6483
6500
6476
6424
6421
6495
6512
6415
6411
6463
6426
6449
6430
6433
6436
6510
6433
6426
6454
6476
6442
6444
6445
6497
6447
6470
6491
6478
6457
6457
6459
6516
6461
6503
6505
6463
6449
6516
6444
6433
6466
6516
6467
6511
6468
6482
6477
6540
6478
6614
6539
6565
6485
6570
6488
6459
6584
6493
6454
6597
6455
6462
6502
6468
6515
6477
6531
6518
6510
6513
6498
6481
6514
6579
6540
6552
6485
6452
6459
6616
6468
6442
6490
6517
6473
6583
6527
6519
6492
6519
6517
6542
6531
6502
6538
6505
6520
6522
6529
6560
6525
6520
6545
6530
6526
6534
6534
6560
6534
6531
6614
6536
6582
6555
6524
6549
6545
6518
6561
6561
6546
6527
6548
6546
6568
6554
6555
6587
6558
6539
6571
6542
6583
6565
6566
6593
6566
6533
6528
6533
6533
6569
6564
6603
6648
6555
6677
6581
6621
6583
6677
6589
6591
6588
6591
6586
6548
6597
6572
6571
6623
6621
6595
6664
6674
6608
6662
6609
6619
6640
6583
6567
6624
6581
6936
6598
6648
6617
6649
6605
6652
6665
6619
6623
6662
6621
6591
6628
6629
6678
6861
6629
6631
6629
6996
6637
6636
6632
6633
6795
6592
6629
6601
6757
6648
6818
6651
6654
6903
6653
6823
6623
6678
6656
6660
6832
6668
6736
6669
6963
6671
6731
6798
6629
6927
6677
6623
6620
6672
6642
6644
6640
6626
6636
6663
6690
6686
6673
6665
6670
6678
6714
6680
6678
6709
6708
6705
6681
6660
6677
6679
6728
6730
6683
6688
6689
6722
6719
6691
6696
6751
6706
6680
6706
6765
6708
6768
6684
6758
6711
6710
6759
6737
6698
6707
6614
6754
6738
6715
6715
6717
6741
6750
6717
6831
6722
6720
6724
6698
6851
6729
6728
6733
6812
6731
6835
6777
6680
6767
6704
6712
6712
6709
6713
6710
6762
6709
6756
6714
6733
6735
6812
6801
6739
6843
6841
6739
6767
6718
6757
6777
6850
6836
6692
6754
6715
6750
6724
6776
6775
6732
6728
6806
6757
6755
6769
6842
6779
6772
6779
6789
7031
6974
6789
6781
6797
6900
6798
6994
7033
6799
6738
6854
7042
6802
6804
6934
6809
6860
6819
6824
6819
6819
6819
6798
7005
6827
6904
7000
6833
6830
6874
6784
6836
6835
6786
6836
7021
6838
6854
7023
6842
6847
6981
6850
7003
6761
6831
6805
6878
6818
6872
6823
6876
6827
6886
6828
6916
6836
6874
6826
6800
6837
6789
6938
6840
6947
6854
6853
6854
6852
6795
6855
6890
6857
6870
6860
6879
6862
6915
6864
6993
6973
6898
6848
6858
6863
6952
6977
6869
6869
6874
6951
6963
6894
6857
6878
6902
6971
6884
6882
6886
6965
6886
6926
6902
6887
6957
6888
6892
6892
6888
6892
6895
6893
6985
6878
6942
6897
6897
6905
6808
6915
6877
6883
7003
6979
6887
6894
6878
6938
6985
6977
6900
6935
6964
6912
6882
6992
7001
6875
6907
6877
6997
6992
6909
6887
6969
7004
6902
6954
6919
7026
6929
6941
6930
6922
6929
7070
6942
6982
6962
6965
7158
7124
7095
6897
6918
6968
7138
7056
6983
6917
7149
6992
7107
6997
7117
6868
6896
7115
6999
6929
7168
7021
6927
7023
7110
7164
7009
7008
7093
7015
7013
7015
7141
7174
7017
7018
7102
7068
7164
7024
7023
6947
7027
7158
7029
7030
7161
7033
7090
7036
7035
7155
7039
7082
7042
7123
7130
7100
6903
6942
6946
6982
6960
6980
6988
7111
6996
7026
7005
7167
7016
7015
7066
7016
7012
7030
7015
7117
7033
7138
7037
7118
7047
7119
7110
7052
7053
7107
7117
6976
7026
7068
7082
7058
7058
7055
7020
7032
7058
7050
7052
7170
7064
7067
7101
7065
7152
7068
7094
7108
7055
7048
7092
7071
7085
7071
7074
7154
7076
7077
7159
7079
7079
8282
7080
7292
7018
7685
7061
7069
7071
7068
7163
7168
7074
7152
7523
7082
7156
7085
7596
7936
7098
7650
8068
8086
7102
7102
7411
7110
8159
7114
8646
7274
7121
7121
7108
7174
8676
7125
7133
7056
7074
7127
8451
7137
7153
7988
7138
8497
7384
7161
7458
7165
7070
8317
7172
7082
8674
7077
8294
7096
7087
7180
7098
7174
7112
7083
7131
7101
7108
7136
7180
7116
7393
7105
7256
7430
7171
7153
7151
7175
7426
7176
7179
7118
7177
7395
7109
7180
7199
7307
7099
7143
7278
7289
7180
7167
7185
7270
7185
7213
7282
7187
7198
7190
7190
7222
7214
7190
7199
7192
7215
7195
7198
7228
7293
7200
7269
7256
7201
7205
7201
7203
7205
7206
7210
7289
7208
7273
7279
7182
7168
7211
7185
7224
7212
7198
7212
7187
7180
7424
7193
7199
7278
7203
7267
7292
7213
7287
7214
7214
7216
7253
7260
7220
7285
7280
7229
7225
7259
7292
7237
7318
7243
7243
7361
7244
7348
7247
7224
7198
7221
7190
7248
7447
7250
7420
7221
7201
7259
7210
7258
7212
7251
7256
7213
7252
7329
7312
7212
7351
7214
7258
7255
7395
7262
7264
7339
7264
7226
7411
7266
7371
7344
7271
7436
7218
7277
7284
7282
7428
7292
7292
7286
7295
7347
7296
7239
7227
7279
7314
7238
7239
7247
7245
7251
7358
7292
7261
7299
7269
7307
7301
7284
7296
7336
7321
7296
7323
7298
7331
7298
7299
7298
7323
7321
7315
7305
7277
7308
7309
7412
7311
7316
7373
7405
7316
7317
7399
7388
7318
7421
7253
7296
7255
7297
7298
7300
7474
7325
7327
7402
7330
7350
7318
7394
7385
7334
7337
7456
7380
7353
7313
7256
7318
7305
7378
7327
7369
7330
7358
7314
7332
7321
7349
7364
7334
7368
7319
7338
7351
7357
7339
7342
7403
7461
7346
7353
7331
7363
7353
7354
7392
7368
7460
7466
7374
7373
7379
7371
7379
7467
7414
7382
7356
7400
7425
7376
7450
7440
7368
7406
7383
7379
7393
7394
7390
7454
7441
7395
7402
7402
7470
7455
7414
7443
7417
7419
7403
7602
7423
7423
7592
7426
7689
7367
7383
7395
7393
7417
7462
7369
7381
7427
7545
7691
7445
7438
7428
7431
7437
7511
7439
7603
7445
7440
7476
7541
7452
7425
7457
7452
7559
7458
7458
7527
7460
7704
7565
7648
7462
7463
7520
7470
7588
7474
7511
7476
7463
7523
7594
7524
7417
7400
7427
7428
7435
7446
7455
7431
7436
7453
7718
7456
7670
7679
7690
7487
7457
7448
7493
7466
7495
7463
7491
7582
7461
7492
7487
7476
7476
7485
7480
7529
7486
7547
7489
7489
7467
7566
7476
7478
7525
7540
7517
7487
7495
7498
7510
7482
7508
7489
7523
7510
7490
7494
7520
7492
7526
7489
7476
7505
7498
7498
7516
7501
7518
7526
7503
7502
7528
7505
7530
7494
7508
7569
7512
7530
7518
7534
7510
7545
7504
7506
7523
7501
7529
7549
7569
7527
7505
7520
7626
7542
7531
7534
7534
7569
7542
7560
7541
7561
7532
7519
7537
7534
7550
7576
7537
7566
7542
7576
7544
7616
7554
7599
7556
7567
7568
7595
7541
7581
7570
7554
7627
7574
7496
7605
7573
7603
7578
7620
7594
7524
7547
7583
7571
7549
7558
7586
7580
7556
7620
7588
7621
7607
7580
7586
7633
7590
7594
7631
7650
7595
7596
7666
7635
7600
7598
7609
7612
7655
7619
7682
7668
7588
7595
7639
7604
7594
7695
7623
7630
7685
7597
7623
7620
7646
7673
7623
7637
7629
7641
7665
7601
7644
7641
7646
7651
7678
7650
7680
7651
7695
7711
7658
7651
7588
7708
7660
7705
7655
7617
7643
7643
7641
7688
7695
7654
7708
7664
7708
7664
7661
7670
7722
7709
7648
7702
7681
7672
7677
7696
7722
7678
7709
7958
7694
7686
7689
8053
8272
7697
7865
7697
8267
7700
7703
7697
7699
7666
7821
7708
7670
8078
7665
7712
7677
7677
7740
8131
7682
7711
7716
8150
7718
8338
7719
8333
7722
7703
7680
7887
7681
7684
7712
7707
7689
7711
7738
7736
7720
7744
7813
7756
7725
7727
7727
7749
7729
7729
7744
7780
7739
7723
7729
7727
7703
7769
7732
7712
7736
7733
7735
7806
7737
7792
7813
7738
7739
7882
7742
7711
7883
7728
7754
7726
7751
7731
7723
7738
7736
7734
7766
7739
7740
7757
7779
7750
7760
7763
7758
7795
7802
7767
7762
7766
7790
7771
7782
7803
7773
7777
7793
7778
7797
7780
7768
7779
7813
7784
7779
7758
7768
7777
7775
7792
7787
7782
7761
7786
7829
7768
7787
7790
7816
7791
7833
7794
7815
7796
7814
7799
7789
7818
7810
7795
7814
7802
7808
7796
7770
7831
7803
7796
7821
7879
7825
7821
7822
7872
7837
7828
7830
7832
7835
7841
7859
7887
7807
7851
7841
7822
7828
7869
7851
7837
7872
7844
7843
7844
7860
7862
7851
7844
7847
7886
7836
7842
7842
7873
7878
7852
7859
7855
7951
7863
7864
8004
7874
7831
7852
7845
7857
8098
8316
7867
7878
7880
8058
7975
7945
7886
7885
7886
7878
7886
7913
8245
7883
7858
7893
7872
7898
7874
7886
7888
7916
7891
7903
7902
7896
7874
7882
7901
7897
7909
7905
7977
7861
7922
7901
7892
7892
7894
7922
7902
7932
7908
7903
7907
7905
7935
7912
7912
7914
7941
7915
7920
7910
7896
7907
7986
7945
7919
7948
7911
7940
7941
7954
7963
7943
7940
7994
7956
7966
7924
7924
7923
7940
7946
7967
7946
7922
7970
7947
7962
7948
7961
7973
7953
7956
7951
7996
7956
7959
7987
7952
7948
7938
7953
7979
7960
7996
7961
8023
7962
7978
7965
7998
7971
7968
7998
8021
7972
7985
7996
7972
7916
7982
7994
7972
7975
7924
7991
7997
8025
8000
8013
8002
7900
7996
8003
8019
8006
8009
8016
8006
8006
8026
8009
8038
8022
8002
7968
8040
8037
8013
7972
8038
8039
8016
8044
8014
8026
8008
8025
8025
8120
8029
8033
8203
8033
8149
8184
7994
8003
8038
8038
8015
8073
8040
8039
8034
8022
8043
8206
8044
8043
8028
8082
8333
8020
8029
8046
8047
8034
8040
8034
8052
8048
8076
8098
8056
8040
8051
8085
8077
8054
8052
8087
8058
8064
8048
8083
8056
8126
8049
8060
8063
8084
8074
8075
8081
8063
8084
8088
8084
8180
8085
8159
8087
8070
8090
8168
8093
8106
8096
8178
8098
8142
8101
8102
8132
8141
8071
8077
8091
8177
8126
8103
8099
8133
8108
8088
8131
8131
8085
8092
8100
8133
8114
8115
8118
8161
8119
8114
8115
8114
8169
8122
8165
8125
8141
8169
8172
8132
8129
8132
8132
8212
8119
8110
8138
8127
8177
8159
8133
8130
8168
8179
8136
8144
8224
8252
8243
8171
8132
8232
8161
8228
8173
8110
8144
8159
8241
8181
8187
8178
8186
8194
8254
8120
8121
8169
8171
8229
8182
8175
8182
8236
8253
8190
8235
8192
8241
8195
8234
8197
8247
8197
8199
8203
8201
8238
8206
8206
8209
8243
8223
8256
8214
8278
8311
8217
8295
8218
8224
8314
8227
8268
8228
8282
8333
8178
8250
8192
8195
8198
8193
8233
8191
8232
8195
8193
8240
8272
8235
8206
8231
8341
8239
8279
8339
8235
8237
8244
8256
8338
8257
8301
8259
8051
8188
8216
8218
8211
8259
8215
8260
8333
8297
8229
8260
8241
8277
8252
8303
8253
8321
8268
8270
8320
8258
8330
8264
8266
8298
8237
8310
8284
8270
8295
8329
8277
8274
8328
8291
8293
8340
8296
8458
8302
8472
8297
8462
8265
8578
8233
8329
8304
8539
8589
8319
8285
8315
8311
8582
8592
8270
8335
8277
8322
8285
8288
8614
8331
8323
8325
8327
8331
8331
8267
8366
8323
8624
8544
8336
8337
8337
8300
8338
8280
8224
8675
8291
8303
8424
8305
8378
8331
8402
8336
8358
8319
8331
8437
8366
8418
8349
8319
8338
8348
8373
8346
8403
8395
8392
8342
8342
8354
8371
8364
8356
8411
8343
8379
8350
8380
8357
8409
8412
8360
8391
8360
8368
8363
8526
8366
8420
8372
8380
8426
8372
8382
8377
8419
8350
8347
8398
8423
8350
8397
8359
8396
8396
8579
8369
8363
8409
8581
8408
8401
8348
8383
8423
8374
8470
8641
8420
8417
8414
8420
8376
8412
8426
8424
8420
8428
8648
8417
8653
8428
8518
8433
8433
8434
8585
8435
8510
8436
8401
8607
8392
8593
8425
8406
8422
8454
8447
8429
8439
8453
8429
8420
8456
8440
8460
8483
8430
8451
8443
8443
8483
8480
8444
8439
8480
8423
8459
8446
8446
8436
8445
8452
8448
8526
8449
8532
8450
8451
8494
8525
8455
8437
8444
8441
8441
8444
8457
8456
8439
8491
8441
8445
8448
8450
8460
8476
8471
8459
8467
8464
8464
8462
8477
8471
8465
8449
8463
8464
8471
8476
8461
8532
8477
8479
8526
8482
8521
8486
8492
8482
8498
8488
8525
8486
8526
8495
8512
8498
8500
8527
8597
8478
8493
8488
8521
8490
8504
8511
8583
8618
8681
8523
8522
8521
8566
8528
8517
8589
8533
8492
8486
8535
8552
8685
8542
8517
8513
8573
8523
8593
8527
8540
8609
8519
8587
8543
8555
8602
8547
8539
8556
8571
8559
8542
8562
8562
8537
8600
8565
8563
8563
8597
8578
8533
8555
8544
8564
8559
8598
8559
8574
8580
8569
8544
8569
8565
8568
8598
8573
8576
8592
8573
8578
8575
8577
8593
8604
8585
8571
8594
8562
8597
8578
8580
8586
8598
8611
8590
8586
8615
8640
8601
8626
8601
8604
8604
8591
8619
8605
8609
8630
8613
8581
8640
8595
8572
8589
8645
8593
8674
8601
8618
8671
8616
8633
8657
8620
8613
8619
8619
8674
8670
8626
8627
8675
8627
8633
8628
8687
8634
8651
8634
8666
8638
8631
8640
8646
8658
8646
8625
8682
8687
8637
8647
8618
8645
8678
8624
8646
8681
8647
8664
8670
8751
8658
8657
8660
8666
8708
8645
8652
8668
8648
8648
8677
8670
8666
8677
9054
8680
9036
8683
9292
8664
8672
8716
8714
8683
8664
8677
8691
8688
8689
8715
8714
8693
8690
8694
8709
8727
8717
8699
8706
8716
8699
8698
8722
8729
8718
8723
8709
8713
8711
8709
8697
8739
8715
8696
8704
8716
8705
8741
8692
8751
8701
8728
8703
8708
8709
8744
8723
8721
8725
8753
8750
8717
8742
8712
8713
8715
8732
8715
8725
8743
8731
8742
8734
8749
8735
8721
8743
8732
8748
8793
8741
8738
8826
8747
8735
8750
8817
8749
8750
8839
8753
8790
8747
8828
8740
8736
8756
8754
8760
8755
8749
8775
8761
8762
8756
8761
8759
8766
8772
8762
8763
8763
8768
8766
8763
8764
8769
8764
8769
8776
8770
8765
8774
8778
8770
8786
8781
8790
8784
8795
8785
8792
8802
8784
8782
8796
8790
8780
8839
8779
8800
8804
8803
8801
8796
8824
8805
8773
8788
8813
8805
8813
8806
8818
8823
8809
8816
8817
8825
8836
8808
8808
8823
8818
8822
8826
8830
8823
8826
8825
8830
8829
8834
8838
8829
8826
8829
8814
8835
9031
8829
8836
8998
9041
8839
8966
8842
8834
9028
8838
8837
8847
8841
8839
8850
8846
8851
8849
8842
8845
8852
8854
8854
8848
8848
8855
8853
8872
8858
8862
8858
8862
8867
8868
8863
8866
8869
8875
8874
8868
8877
8878
8875
8879
8870
8878
8883
8933
8882
8884
8880
8884
8896
8980
8884
8884
8880
8885
8887
8890
8886
8885
8887
8892
8893
8901
8902
8904
8914
8894
8910
8903
8906
8910
8934
8921
8911
8914
8902
8906
8931
8912
8913
8912
8913
8916
8915
8915
8921
8920
8931
8935
8923
8931
8931
8922
8961
8974
8938
8928
8936
8960
8979
8942
8944
8939
8971
8948
8963
8958
8938
8944
8960
8945
8938
8963
8951
8949
8975
8951
8970
8967
8956
8955
8966
8975
8954
8960
8959
9036
8960
8969
8967
8979
9046
8977
8995
9011
8984
8972
8989
9012
8984
8992
8971
9019
8995
9028
9025
8999
8999
8989
9022
9005
9040
9005
9008
9047
9014
9007
8999
9016
9015
8984
9055
9044
8988
9034
9002
9028
9019
9053
9020
9023
9000
9062
9009
9064
9016
9014
9043
9010
9006
9033
9043
9029
9027
9031
9526
9354
9046
9053
9489
9055
9055
8994
9204
9039
9029
9227
9062
9061
9280
9206
9003
9091
9045
9058
9048
9072
9060
9090
9064
9068
9094
9068
9067
9171
9104
9070
9070
9113
9088
9097
9106
9087
9084
9085
9101
9087
9104
9113
9050
9082
9064
9093
9089
9094
9146
9094
9067
9079
9076
9099
9106
9109
9085
9118
9112
9132
9081
9165
9100
9100
9085
9107
9167
9086
9078
9117
9116
9127
9118
9104
9150
9091
9064
9134
9112
9119
9119
9113
9132
9168
9120
9123
9143
9122
9136
9123
9126
9123
9124
9140
9106
9171
9114
9165
9141
9120
9146
9122
9164
9135
9140
9142
9171
9138
9148
9183
9151
9170
9154
9172
9154
9163
9154
9155
9160
9154
9156
9146
9125
9453
9139
9145
9164
9164
9144
9487
9166
9556
9168
9176
9436
9497
9172
9176
9316
9182
9180
9498
9189
9143
9177
9127
9166
9180
9167
9184
9186
9230
9186
9225
9160
9157
9209
9190
9189
9193
9208
9195
9205
9190
9194
9212
9196
9207
9216
9200
9208
9214
9202
9210
9200
9201
9224
9200
9210
9215
9210
9200
9211
9212
9210
9213
9241
9230
9212
9217
9216
9224
9229
9224
9221
9236
9240
9223
9219
9225
9231
9224
9226
9229
9239
9224
9239
9218
9238
9232
9233
9239
9241
9315
9229
9224
9240
9326
9235
9241
9244
9245
9243
9245
9245
9230
9335
9246
9247
9247
9250
9248
9248
9249
9252
9254
9265
9262
9250
9256
9253
9259
9255
9255
9263
9261
9259
9255
9262
9268
9262
9264
9262
9271
9286
9271
9273
9274
9273
9293
9290
9281
9274
9292
9287
9277
9278
9276
9293
9334
9326
9277
9277
9307
9319
9296
9307
9316
9308
9299
9326
9309
9314
9314
9316
9411
9313
9338
9316
9312
9330
9323
9327
9326
9324
9298
9314
9320
9332
9322
9333
9298
9379
9338
9334
9387
9337
9340
9322
9345
9346
9419
9376
9353
9294
9347
9340
9375
9344
9340
9349
9368
9351
9349
9356
9353
9351
9370
9351
9358
9360
9356
9367
9415
9362
9361
9387
9380
9359
9398
9376
9370
9378
9428
9363
9383
9370
9420
9389
9365
9409
9392
9391
9407
9399
9402
9467
9366
9376
9376
9376
9400
9400
9383
9446
9446
9401
9534
9411
9556
9477
9414
9424
9415
9417
9417
9557
9418
9411
9470
9428
9412
9399
9396
9425
9441
9425
9430
9430
9429
9467
9417
9438
9432
9434
9449
9435
9435
9491
9430
9435
9435
9439
9547
9509
9440
9441
9441
9553
9431
9444
9408
9402
9448
9444
9444
9454
9446
9447
9453
9447
9431
9437
9463
9449
9467
9460
9456
9456
9459
9452
9453
9459
9465
9461
9444
9457
9459
9462
9462
9463
9468
9480
9463
9462
9466
9469
9480
9483
9472
9473
9471
9473
9472
9473
9474
9471
9485
9473
9475
9485
9477
9494
9487
9544
9488
9538
9483
9488
9516
9478
9489
9489
9491
9494
9495
9497
9499
9498
9501
9500
9507
9504
9500
9503
9522
9518
9503
9530
9514
9516
9510
9510
9511
9520
9517
9520
9518
9517
9519
9521
9518
9529
9530
9531
9553
9528
9512
9544
9532
9538
9523
9530
9536
9553
9541
9556
9546
9539
9543
9538
9543
9546
9545
9546
9540
9553
9546
9551
9557
9554
9563
9555
9555
9556
9560
9559
9556
9558
9563
9564
9560
9564
9565
9648
9564
9566
9577
9567
9569
9569
9571
9571
9570
9570
9576
9578
9601
9614
9579
9585
9581
9589
9583
9585
9586
9610
9588
9587
9589
9597
9589
9591
9590
9593
9592
9594
9592
9596
9594
9596
9605
9596
9597
9605
9599
9594
9605
9612
9606
9609
9608
9608
9617
9617
9619
9623
9630
9618
9620
9619
9617
9622
9641
9623
9624
9632
9621
9625
9620
9613
9623
9626
9624
9622
9632
9633
9636
9639
9635
9639
9639
9639
9644
9641
9650
9652
9652
9644
9644
9650
9654
9648
9653
9650
9654
9654
9657
9661
9683
9667
9663
9666
9664
9666
9661
9663
9670
9672
9669
9666
9668
9670
9678
9673
9676
9676
9680
9673
9707
9681
9683
9686
9683
9702
9684
9698
9687
9687
9688
9688
9698
9690
9689
9922
9698
9698
9704
9810
9706
9704
9709
9993
9682
9686
9709
9757
9711
9713
9719
9712
9734
9717
9710
9717
9718
9717
9714
9721
9718
9722
9731
9725
9723
9722
9722
9724
9725
9725
9727
9735
9730
9734
9741
9734
9735
9735
9738
9740
9733
9740
9737
9741
9742
9745
9749
9736
9741
9738
9750
9731
9735
9761
9754
9765
9750
9743
9744
9747
9750
9749
9751
9759
9760
9742
9751
9751
9757
9755
9762
9776
9750
9750
9769
9773
9745
9762
9773
9767
9772
9779
9780
9785
9764
9752
9772
9775
9786
9787
9768
9772
9795
9778
9780
9785
9775
9789
9796
9803
9794
9794
9842
9789
9802
9804
9797
9797
9804
9805
9801
9808
9802
9804
9806
9806
9802
9812
9808
9829
9820
9816
9814
9820
9821
9833
9819
9820
9820
9819
9820
9815
9836
9820
9821
9821
9836
9823
9824
9837
9825
9827
9825
9827
9828
9835
9837
9817
9836
9816
9816
9853
9836
9833
9780
9842
9856
9845
9845
9862
9885
9848
9822
9861
9865
9839
9863
9860
9865
9863
9868
9863
9861
9865
9872
9876
9877
9882
9882
9881
9878
9878
9877
9990
9885
9874
9886
9890
9888
9886
9890
9888
9891
9890
9893
9892
9893
9893
9896
9896
9896
9894
9897
9897
9900
9900
9928
9900
9908
9903
9905
9901
9909
9909
9910
9913
9909
9914
9922
9916
9928
9920
9923
9923
9921
9924
9928
9923
9919
9928
9925
9928
9929
9949
9932
9941
9934
9937
9933
9937
9938
9938
9946
9945
9939
9939
9939
9948
9949
9939
9949
9950
9945
9952
9953
9954
9960
9957
9958
9959
9957
9961
9963
9963
9976
9991
9963
9964
9970
9971
9965
9964
9976
9973
9974
9974
9976
9981
9977
9963
9981
9983
9990
9979
9993
9981
9989
9991
9988
9989
9988
9995
9983
9994
9999
9995
9985
9989
9995
9999
9996
9998
9999
