Algoritma :quicksort-desc1k  Süre (ms): 0.093
1
0
0
0
5
4
16
5
6
9
6
7
7
3
8
9
25
10
10
10
8
11
19
28
15
6
12
27
16
18
21
31
22
23
16
27
27
6
41
68
31
12
19
33
36
35
46
38
40
30
57
51
46
44
46
38
55
56
30
50
47
42
50
55
51
50
53
59
68
61
67
71
72
70
69
70
64
71
71
75
68
60
71
73
84
72
80
83
303
84
90
99
83
85
87
89
90
79
81
90
98
122
93
89
113
96
111
100
100
101
113
104
109
117
91
91
106
111
124
106
115
115
116
110
121
118
120
129
102
142
118
125
126
127
124
132
135
137
129
135
129
130
127
137
154
145
140
147
147
140
129
142
152
145
180
155
141
146
147
159
142
163
148
163
150
152
144
153
181
154
155
144
155
154
159
159
148
161
188
163
163
183
167
146
186
177
171
167
185
178
190
191
144
118
181
183
168
197
185
185
178
178
161
202
228
190
186
191
192
193
203
225
207
201
203
184
195
195
214
204
206
208
197
210
207
219
212
214
229
236
137
221
211
218
226
204
189
229
219
231
248
231
231
229
236
237
228
242
240
240
249
249
253
252
254
254
255
257
258
257
260
251
255
258
264
258
257
259
269
269
259
271
264
263
258
277
268
260
257
263
268
270
271
283
271
289
277
283
271
285
290
285
266
256
286
285
281
290
296
295
300
299
300
301
304
311
297
705
304
304
300
303
305
313
309
314
313
309
329
322
327
323
321
324
327
326
328
327
328
329
334
330
330
339
344
353
353
345
349
339
349
358
371
344
345
351
363
359
355
349
361
351
365
363
379
368
353
387
370
388
391
372
399
377
363
371
612
384
380
384
607
388
624
393
621
397
615
371
400
403
378
610
408
608
384
415
392
410
406
395
416
424
412
411
413
424
415
400
428
458
397
411
418
412
428
431
424
421
421
419
416
417
417
427
423
426
416
436
429
436
430
458
439
428
436
431
435
420
438
436
436
435
444
444
442
443
432
443
452
448
447
449
456
456
449
451
453
456
463
447
455
457
469
459
463
478
461
474
479
449
476
467
472
471
485
489
492
481
480
481
488
490
482
491
484
520
488
488
487
494
532
466
470
486
525
494
486
488
496
490
496
513
497
500
519
503
504
496
496
506
521
505
508
507
509
507
512
504
513
514
513
516
514
507
514
523
625
527
532
536
531
549
532
527
536
534
534
533
540
541
539
539
556
545
539
521
553
544
535
543
550
557
550
544
558
558
562
625
532
551
556
571
558
568
563
540
550
571
562
564
569
623
567
557
579
570
580
572
569
581
579
575
578
581
588
580
588
581
585
579
578
577
590
590
596
591
586
593
598
591
592
582
593
595
605
601
610
607
610
607
599
614
610
603
611
621
610
622
611
608
617
614
673
633
622
633
624
623
630
634
640
626
646
632
642
642
628
648
632
641
641
620
639
651
642
652
652
638
643
637
653
655
649
650
659
653
656
655
659
646
653
624
660
667
660
670
642
666
657
662
675
667
679
671
684
655
666
677
675
688
691
683
679
679
695
693
699
675
686
692
701
693
689
697
695
707
703
683
692
699
709
701
696
701
716
704
711
708
707
715
709
710
709
716
701
698
711
717
714
711
714
719
722
718
722
722
720
720
714
718
725
725
728
731
729
726
729
741
721
728
730
731
731
736
736
732
736
737
740
746
740
697
747
742
753
750
751
747
752
751
754
748
751
756
755
758
756
763
763
766
771
763
773
766
771
775
770
775
773
778
772
778
769
774
774
780
785
781
785
783
781
776
786
788
785
786
787
791
791
791
792
791
793
794
788
796
798
799
796
800
799
801
802
802
804
805
809
810
811
811
810
810
816
817
823
826
823
825
833
836
841
838
819
848
838
828
823
849
833
831
857
845
860
842
866
853
868
854
852
856
868
823
832
838
854
869
856
857
869
860
861
871
858
869
866
876
868
871
869
867
894
872
854
878
881
883
873
875
880
859
872
895
881
881
866
896
890
886
893
902
880
875
886
896
895
905
898
897
902
908
900
909
904
912
894
896
907
900
898
910
904
904
924
912
914
927
930
909
913
918
925
921
934
927
930
928
934
904
926
930
930
919
930
938
938
932
934
939
934
941
926
936
931
934
935
943
949
945
941
946
950
947
944
950
947
945
950
949
950
952
957
958
953
954
964
960
964
962
962
964
963
970
954
962
978
969
974
980
975
973
976
980
970
964
978
975
980
981
982
980
982
981
981
982
985
985
988
990
991
991
989
993
997
995
998
998
998
996
998
999
