Algoritma :quicksort-random1k  Süre (ms): 0.1347
0
0
0
6
1
3
16
50
9
10
11
6
27
4
38
18
12
9
16
21
10
8
35
10
12
31
6
25
27
23
19
5
19
15
5
7
38
30
16
6
27
28
46
30
33
46
46
50
51
31
55
51
36
60
44
42
40
22
57
50
47
68
56
7
8
55
59
79
41
68
71
69
85
61
64
71
70
71
70
71
83
72
53
84
67
89
84
81
80
83
90
96
155
75
87
98
91
68
99
73
100
106
91
89
93
72
115
90
102
100
106
113
90
111
110
109
101
113
115
116
111
104
118
118
148
122
121
129
127
129
135
118
207
117
127
126
129
137
124
120
135
150
142
140
137
145
144
161
144
142
167
142
148
153
146
130
140
146
145
155
144
163
147
206
124
129
152
147
177
154
125
159
154
159
159
155
161
178
192
152
163
204
141
163
185
167
190
147
188
186
171
203
190
178
193
195
137
183
181
181
185
185
183
184
180
186
204
208
154
168
203
197
195
191
214
202
197
201
225
228
189
191
210
132
178
163
207
211
218
228
212
237
219
221
226
229
229
229
214
231
251
219
236
240
231
231
253
240
248
254
252
249
242
249
254
236
257
259
255
438
260
258
256
268
269
259
257
260
257
281
258
285
257
277
258
255
268
266
263
264
269
271
271
277
271
258
290
295
264
263
283
285
285
271
270
283
300
290
289
297
301
300
299
303
304
309
286
300
323
303
322
313
296
321
313
305
304
309
314
311
304
421
324
328
326
327
327
327
328
330
363
329
329
330
379
372
344
371
358
388
339
378
368
344
349
345
351
351
349
353
349
353
365
377
355
363
384
359
371
370
371
393
391
363
380
406
384
472
334
361
384
397
452
387
392
400
490
353
449
399
400
423
482
443
339
345
388
417
395
397
416
428
411
412
412
463
416
415
410
428
411
403
443
418
420
486
421
436
451
408
424
416
447
426
417
424
415
419
442
431
429
427
436
449
424
428
432
435
430
435
436
488
436
431
449
444
448
447
481
436
439
470
463
444
455
474
457
458
491
456
453
496
461
458
469
485
456
476
466
478
456
500
504
497
486
488
481
494
471
459
496
467
488
489
496
598
413
666
480
653
479
484
496
505
488
506
504
487
507
881
711
492
490
494
507
503
512
527
507
525
520
521
509
514
513
562
610
508
514
516
521
579
523
513
519
514
513
531
532
527
533
540
534
532
535
539
543
536
624
532
534
532
539
540
541
614
580
536
550
539
544
550
544
549
648
551
558
545
550
588
556
553
557
557
610
556
564
558
563
558
562
569
577
567
569
586
572
568
571
571
596
575
582
579
578
581
580
590
581
579
593
585
581
591
590
593
591
607
592
588
601
607
595
570
578
610
603
607
610
608
638
639
608
599
610
611
615
612
605
611
623
614
621
620
621
624
617
624
622
623
630
628
622
625
642
632
625
649
633
641
626
632
633
637
641
634
640
651
643
642
652
642
642
655
650
646
653
656
646
655
652
934
655
912
659
657
660
660
662
653
659
675
670
666
673
679
671
692
683
878
675
667
823
679
675
677
717
683
684
695
686
692
689
697
697
698
688
693
691
667
679
696
707
693
699
699
707
701
701
695
704
703
701
701
705
708
771
709
709
709
711
714
714
710
714
711
716
716
718
894
718
719
722
730
715
720
725
721
725
722
722
731
728
729
731
731
736
726
720
732
742
736
736
737
740
741
740
750
748
746
747
755
729
775
747
728
766
751
756
754
752
763
751
751
763
769
766
758
753
756
770
763
771
773
773
772
785
774
775
778
778
781
816
780
810
791
804
783
788
781
776
785
787
794
786
788
791
785
819
800
802
793
798
796
799
791
774
801
799
810
811
802
792
823
786
796
805
791
809
810
811
823
875
817
823
826
825
828
831
833
832
842
854
833
836
849
848
852
838
838
841
838
854
854
868
858
856
857
857
853
869
860
869
845
868
861
860
859
868
866
886
856
866
872
869
886
873
867
866
869
872
881
871
875
880
876
918
881
896
909
880
883
894
893
896
902
896
895
927
898
897
890
919
900
902
908
895
900
912
904
898
909
913
904
905
904
904
907
924
926
926
925
921
981
871
976
982
914
927
928
978
945
930
910
931
930
930
930
932
941
934
934
934
941
930
934
935
936
938
938
943
939
946
944
945
954
947
950
950
947
950
949
949
950
953
957
954
952
962
958
960
962
964
962
969
963
964
964
964
991
975
975
970
970
974
973
996
980
980
980
981
982
981
982
980
978
985
985
988
998
989
993
991
990
998
997
995
998
998
999
