0
1
1
7
7
3
8
4
1
7
2
5
12
14
15
20
23
21
31
24
21
21
24
42
26
27
22
32
78
42
32
32
42
46
44
43
45
50
50
45
44
47
51
49
58
49
33
49
52
57
55
54
53
51
62
60
61
62
49
63
59
62
65
64
65
62
65
68
66
69
70
72
73
75
73
75
77
76
76
77
80
82
81
81
94
86
86
86
89
90
88
90
93
93
95
96
97
98
99
102
106
110
108
106
107
109
107
107
110
110
108
112
113
113
118
298
123
118
123
119
124
124
124
124
124
121
124
125
127
127
127
131
131
127
131
136
137
137
138
141
141
141
143
143
141
142
141
141
148
145
150
148
142
146
154
150
150
157
151
159
154
149
152
155
155
165
157
160
154
156
158
156
172
160
162
147
177
165
190
179
167
168
182
171
160
159
171
172
172
172
169
173
176
164
178
178
178
199
170
199
179
204
197
182
206
180
181
168
184
190
178
209
194
201
196
197
199
192
179
200
201
171
182
195
208
211
226
212
213
214
220
231
213
223
226
224
238
227
228
228
229
244
230
231
232
219
246
234
175
236
236
237
234
239
246
231
245
241
230
246
249
254
259
258
259
261
260
262
265
268
270
273
275
274
275
275
275
277
275
277
277
276
279
278
268
280
283
287
284
285
286
286
287
280
291
298
290
290
292
311
300
292
290
294
295
296
291
304
300
300
292
317
303
304
307
315
338
317
318
307
314
315
315
318
321
317
310
969
313
319
299
286
332
324
324
326
337
332
332
332
323
329
329
334
335
345
331
343
352
344
336
348
345
349
348
348
353
354
354
358
359
359
362
363
364
365
365
368
370
371
366
373
375
371
376
379
381
378
375
383
385
381
385
387
389
386
385
392
390
390
391
393
394
394
394
395
395
396
397
404
400
400
400
397
399
401
403
404
404
402
405
407
407
404
763
413
408
409
414
419
419
419
417
415
415
420
426
426
428
432
437
434
431
432
437
438
439
440
441
439
442
444
444
440
444
440
445
450
447
447
451
447
457
451
450
448
448
453
461
455
453
456
452
457
464
446
464
464
468
468
465
472
472
458
464
458
469
471
471
472
468
475
471
485
475
476
476
468
478
474
491
481
500
483
473
482
498
486
498
479
492
482
493
496
483
506
494
503
508
499
503
511
507
530
520
499
508
508
492
509
521
521
524
511
502
493
512
505
490
514
528
513
515
520
511
521
522
509
527
518
517
541
571
565
513
528
531
531
532
549
533
537
536
553
535
538
532
539
558
539
540
541
541
510
542
568
543
527
542
545
549
588
537
551
553
553
534
554
558
540
561
561
555
567
564
585
586
566
621
566
570
573
576
576
543
577
585
578
595
586
601
586
586
586
543
555
620
568
594
542
600
598
588
599
586
605
609
514
610
610
619
615
616
617
628
619
606
617
624
621
602
622
622
623
634
636
624
639
632
632
624
644
633
634
587
633
673
637
637
664
640
641
657
645
635
648
621
658
632
650
651
657
652
646
665
659
649
646
665
660
663
667
665
667
670
676
672
667
673
674
681
676
668
671
678
680
675
686
675
684
680
687
691
691
693
695
694
695
699
695
693
696
694
699
708
698
704
710
703
703
722
700
714
700
708
704
708
721
704
702
707
716
714
716
709
717
718
712
728
716
713
731
741
723
725
725
723
722
738
728
733
752
731
730
730
722
732
738
727
719
729
739
740
742
741
747
746
761
732
718
760
760
755
757
757
765
760
767
753
761
761
755
756
767
772
762
758
763
765
762
766
767
760
774
769
790
770
772
774
774
790
762
750
781
794
776
793
785
798
790
769
801
792
794
782
783
804
798
798
790
810
801
801
782
814
799
816
804
796
805
830
810
804
811
824
799
813
814
812
815
816
803
834
819
834
806
822
822
838
824
837
812
827
827
822
831
826
831
832
819
842
822
855
852
824
820
840
841
841
842
843
828
845
850
865
866
866
864
853
869
856
856
856
853
874
860
853
873
864
850
851
881
867
867
867
860
868
869
869
838
890
870
897
871
871
871
872
889
874
857
877
903
870
903
881
880
835
882
884
885
885
874
886
890
870
863
892
894
897
882
898
899
898
900
901
926
925
879
900
905
906
927
907
933
908
912
915
914
906
921
940
926
923
943
875
903
921
927
971
930
929
951
931
931
911
932
933
907
956
935
940
940
922
937
942
943
942
932
961
987
970
995
948
928
929
971
951
945
957
995
925
981
1015
1011
968
965
968
985
985
989
969
969
944
946
9999
970
947
950
975
973
975
974
962
1000
976
976
952
978
978
997
979
981
981
981
976
1014
982
1012
1018
983
1018
969
970
984
1025
969
969
1027
988
989
989
1018
994
958
1028
948
949
998
1038
1000
1000
1002
1002
1043
1047
1046
1045
1010
983
959
1015
982
983
1017
1018
1018
983
982
1019
1060
1060
1022
969
1063
1025
1065
1026
1027
1027
1027
1021
1028
1066
1030
1074
1034
1034
996
1079
1038
999
1042
1084
1043
1043
979
1086
1087
1138
1045
1005
1009
1092
1048
1051
1052
1147
1055
1112
1096
1099
1056
1059
1020
1021
1056
1062
1063
1024
1156
1064
1065
1112
1164
1116
1074
1108
1071
1029
1119
1072
1121
1285
1077
1078
1038
1091
1130
1082
1043
1132
1086
1124
1052
1142
1087
1044
1088
1195
1088
1045
1137
1144
1092
1043
1125
1093
1151
1096
1078
1097
1262
1706
1055
1069
1107
1153
1112
1110
1150
1065
1062
1168
1113
1163
988
1113
1114
1218
1115
1180
1117
1118
1119
1119
1118
1072
4023
1048
1121
1183
1121
1120
1122
1124
1186
1003
1125
1086
1126
1127
1185
1134
1081
1193
1087
1087
1100
1134
1137
1142
1089
1145
1200
1144
1146
1030
1148
1054
1151
1096
1287
1098
1213
1125
1109
1216
1158
1219
1220
1113
1113
1167
1277
1169
1066
1174
1171
1179
1170
1170
1231
1148
1348
1232
1187
1141
1127
1080
1242
1192
1192
1189
1193
1194
1194
1247
1195
1088
1088
1239
1197
1302
1250
1254
1189
1204
1207
1255
1099
1260
1211
1448
1115
1264
1216
1213
1065
1214
1385
1216
1210
1217
1273
1280
1147
1159
1335
1228
1180
1280
1232
1281
1233
1230
1234
1234
1287
1245
1196
1240
1281
1203
1197
1282
1186
1246
1355
1246
1249
1251
1253
1300
1253
1238
1367
1259
1307
1308
1417
1260
1254
1260
1259
1317
1262
1264
1317
1212
1262
1265
1322
1321
1323
1113
1273
1162
1327
1274
1330
1330
1276
1279
1280
1280
1332
1280
1474
1271
1271
1272
1281
1282
1343
1236
1191
1286
1211
1354
1288
1291
1294
1294
1296
1354
1658
1574
1298
1199
1301
1252
1300
1304
1304
1305
1307
1307
1434
1305
1203
1308
1257
1309
1310
1322
1311
1314
1250
1319
1379
1378
1320
1321
1383
1266
1383
1323
1385
1369
1389
1324
1325
1327
1327
1325
1396
1396
1329
1329
1275
1399
1279
1329
1332
1403
1407
1329
1406
1343
1340
1342
1414
1346
1348
1222
1209
1346
1498
1349
1354
1416
1354
1354
1354
1296
1297
1352
1425
1297
1239
1356
1432
1424
1367
1367
1368
1364
1365
1438
2185
1372
1373
1522
1370
1443
1435
1375
1379
1208
1376
1376
1380
1380
1324
1381
1447
1385
1323
1384
1269
1263
1461
1387
1388
1464
1389
1372
1390
1472
1308
1396
1396
1552
1392
1542
1392
1472
1223
1553
1400
1402
1404
1404
1399
1233
1558
1407
1400
1394
1410
1348
1491
1231
1414
1502
1413
1415
1418
1426
1420
1420
1418
1504
1421
1504
1505
1484
1427
1423
1429
1431
1359
1513
1513
1599
1516
1774
1373
1437
1438
1521
1439
1476
1439
1531
1389
1443
1444
1445
1314
1447
1151
1524
1455
1532
1558
1461
1536
1459
1463
1464
1460
1453
1435
1466
1544
1544
1475
1526
1549
1477
1478
1478
1556
1527
1413
1480
1405
1335
1485
1562
1484
1562
1571
1487
1491
1489
1563
1573
1435
1494
1346
1497
1550
1583
1494
1500
1502
1412
1580
1502
1501
1505
1505
1505
1764
1497
1506
1506
1510
1588
1590
1425
1433
1513
1513
1513
1591
1582
1601
1511
1514
1237
1690
1605
1601
1605
1517
1520
1271
1656
1442
1613
1442
1784
1456
1526
1623
1211
1530
1532
1534
1534
1622
1385
1398
1535
1542
1725
1180
1545
1537
1626
1546
1539
1635
1548
1549
1309
1727
1551
1551
1468
1810
1554
1549
1554
1644
1551
1646
1485
1485
1485
1653
1562
1745
1622
1563
1657
1572
1659
1565
1567
1568
1489
1574
1494
1411
1583
1510
1585
1671
1353
1673
1579
1767
1586
1512
1512
1595
1512
1597
1597
1597
1590
1597
1592
1598
1599
1511
1602
1441
1680
1305
1605
1697
1599
1604
1515
1606
1604
1694
1683
1614
1612
1612
1711
1629
1616
1461
1622
1709
1532
1535
1623
1560
1625
1862
1546
1547
1804
1634
1635
1635
1395
1650
1636
1727
1643
1730
1636
1640
1628
1644
1478
1478
1647
1649
1738
1823
1653
1741
1653
1621
1655
1745
1561
1620
1889
1656
1657
1355
1366
1660
1489
1712
1665
1356
1667
1671
1671
1762
1650
1672
1836
1583
1672
1692
1675
1675
1663
1665
1665
1678
1775
1764
1603
1484
1691
1691
1776
1692
1693
1695
1514
1698
1698
1609
1693
1701
1702
1684
1705
1617
1152
1707
1796
1753
1803
1714
1717
1628
1718
1337
1798
1803
1628
1723
1719
1726
1736
1643
1877
1639
1258
1733
1737
1884
1734
1738
1822
1729
1822
1901
1741
1741
1719
1743
1655
1655
1745
1746
1826
1829
1663
1748
1614
1755
1757
1761
1669
1798
1675
1675
1685
1764
1774
1516
1856
1775
1851
1780
1849
1766
1781
1610
1912
1796
1845
1784
1796
1792
1864
1834
1921
1803
1866
1632
1804
1720
1798
1805
1751
2160
1726
1876
1729
1937
1813
1875
1738
1822
1822
1814
1884
1808
1809
1888
1882
1895
1829
1830
1832
1833
1833
1895
1834
1585
1890
1673
1841
1901
1882
1780
1906
1850
1776
1852
1852
1841
1845
1853
1904
1856
1855
1914
1989
1858
1858
1845
1857
1829
1863
1918
1866
1803
1807
1932
1868
1873
1873
1873
1873
1929
1873
1935
1869
1941
1820
1865
1874
1643
1941
1879
1875
1929
1866
1881
1646
1882
1949
1817
1881
1847
1952
1887
1958
2022
1748
1656
1894
1748
1582
1845
1896
1898
1899
1901
1968
1955
1891
1902
1902
1903
1977
1996
1856
1932
1905
1913
1915
1915
1910
1942
1916
1797
1918
1717
1717
1988
1990
2040
1901
1924
2107
1995
2054
1873
1999
1976
1933
1933
1934
1935
1928
1936
1812
1808
2006
1937
1873
1945
1947
1950
1950
2012
2076
1885
1918
1739
1719
1956
2131
1961
2024
1963
1968
1968
2087
1961
1956
1969
2032
2089
1848
1516
1976
1974
2038
1979
2045
1796
1921
1923
1985
2043
1989
1916
1987
1990
2052
1980
2045
1981
2063
1865
1996
1995
1995
2063
1996
1997
1998
1927
2099
2008
2004
2058
2040
2010
2013
2011
1945
1954
2014
2015
2075
1956
2077
2019
2024
2083
2018
2023
2071
2025
2072
2138
2025
2029
2019
2113
2038
2012
2039
1983
1983
2097
2098
2156
1991
2091
2043
2049
2101
1990
2053
2113
2056
2007
2055
2054
2061
2145
1975
1907
2054
2059
2074
2068
2068
2121
1877
2070
2073
1873
2126
2018
2180
2016
1951
2078
2032
2079
2080
2614
2081
2138
2086
2086
2137
2140
2090
2090
2091
2146
2145
2090
2149
2118
2043
1855
2094
2098
2098
2157
2096
2157
2103
2050
2101
2062
2104
2164
1873
2107
1994
2105
2109
2107
2107
2171
2114
2117
2067
2145
2234
2119
2121
2125
2184
2073
2125
2125
2180
2215
2118
2130
1957
1889
2134
1972
2135
2194
2194
2132
2137
2191
2139
2028
1963
2140
2203
2141
2133
2143
2101
1981
2208
2211
2033
2097
2281
2213
2148
2209
2150
2219
2003
2216
2155
2095
2282
2073
2220
2105
2162
2160
2168
2171
2171
2226
2227
2161
2159
2172
2175
2176
2178
2117
2184
2128
2242
2126
2258
2187
2188
2188
2197
2190
2209
2135
2444
2197
2195
2250
2186
2186
2199
2202
2141
2199
2204
2208
2207
2201
2184
2267
2091
2269
2212
2146
2147
2094
2330
2275
2216
2216
2064
2217
2219
2280
2157
2220
2351
2158
2222
2222
2169
2224
2225
2281
2294
2231
2232
2220
2234
2069
2236
2299
2237
2236
2300
2307
2240
2242
2146
2243
2185
2128
2245
2246
2244
2312
2308
2193
2320
2254
2084
2255
2256
2252
2275
2266
2267
2325
2308
2246
2268
2269
2212
2214
2270
2274
2272
2275
2275
2275
2338
2268
2250
2244
2277
2344
2339
2347
2282
2163
2285
2286
2292
2352
2291
2348
2168
2295
2298
2299
2299
2360
2299
2361
2356
2292
2295
2300
2301
2238
2302
2301
2370
2242
2307
2365
2246
2310
2313
2247
2303
2314
2381
2378
2320
2316
2384
2384
2325
2267
2264
2212
2326
2326
2329
2393
2333
2331
2455
2335
2338
2399
2337
2406
2339
2343
2213
2340
2322
2345
2472
2348
2349
2286
2410
2345
2351
2284
2416
2356
2299
2359
2415
2361
2361
2361
2299
2237
2408
2362
2357
2363
2365
2370
2366
2433
2436
2364
2437
2437
2374
2260
2375
2376
2443
2443
2380
2316
2322
2383
2384
2318
2448
2385
2452
2375
2387
2519
2454
2274
2330
2394
2452
2390
2399
2399
2392
2230
2400
2337
2404
2402
2462
2405
2446
2409
2411
2350
2476
2415
2475
2221
2447
2417
2418
2418
2420
2438
2423
2425
2424
2424
2423
2426
2428
2432
2370
2433
2433
2323
2434
2434
2303
2373
2505
2434
2431
2495
2439
2377
2440
2442
2445
2441
2450
2509
2510
2467
2446
2444
2471
2450
2385
2439
2451
2452
2376
2522
2527
2520
2393
2533
2458
2460
2461
2471
2470
2469
2470
2401
2375
2471
2362
2472
2408
2353
2548
2546
2542
2412
2416
2475
2478
2478
2480
2554
2554
2555
2484
2485
2486
2486
2492
2490
2492
2486
2493
2496
2566
2702
2499
2437
2502
2503
2504
2482
2482
2575
2574
2135
2510
2513
2514
2514
2515
2516
2581
2517
2586
2518
2519
2393
2520
2395
2522
2524
2396
2594
2525
2526
2662
2453
2590
2456
2532
2529
2531
2534
2540
2607
2541
2609
2474
2476
2476
2500
2613
2548
2603
2421
2551
2553
2481
2482
2555
2555
2555
2552
2621
2548
2559
2562
2561
2632
2566
2561
2517
2629
2569
2699
2570
2567
2567
2571
2575
2643
2572
2576
2641
2580
2584
2583
2652
2585
2643
2586
2536
2762
2592
2524
2594
2595
2529
2591
2545
2657
2600
2600
2598
2600
2602
2727
2607
2657
2609
2608
2609
2544
2606
2570
2610
2252
2135
2612
2682
2616
2620
2684
2678
2624
2626
2621
2627
2630
2564
2631
2632
2695
2635
2635
2691
2637
2706
2629
2603
2638
2643
2508
2517
2707
2646
2648
2710
2651
2650
2651
2653
2655
2655
2720
2587
2656
2726
2600
2526
2662
2598
2674
2663
2664
2666
2664
2665
2668
2669
2657
2671
2671
2724
2679
2615
2680
2682
2623
2739
2683
2685
2684
2676
2637
2686
2689
2695
2695
2744
2636
2693
2546
2698
2699
2758
2637
2704
2756
2707
2586
2705
2536
2766
2708
2768
2706
2713
2655
2763
2718
2722
2723
2660
2722
2725
2725
2725
2726
2669
2732
2728
2838
2734
2736
2737
2739
2548
2785
2741
2742
2743
2499
2746
2749
2567
2747
2752
2752
2755
2757
2761
2758
2806
2803
2757
2744
2810
2811
2766
2767
2700
2710
2655
2768
2768
2768
2766
2772
2775
2777
2816
2777
2777
2779
2781
2782
2781
2782
2783
2787
2790
2835
2791
2737
2839
2847
2791
2794
2863
2686
2798
2799
2799
2777
2848
2806
2807
2758
2804
2790
2808
2842
2811
2762
2717
2808
2810
2813
2824
2863
2795
2825
2826
2826
2869
2835
2870
2835
2790
2826
2828
2836
2906
2838
2785
2727
2879
2913
2848
2848
2800
2810
2850
2853
2888
2854
2852
2855
2921
2848
2894
2863
2858
2897
2835
2865
2868
2827
2902
2870
2870
2798
2949
2907
2873
2909
2879
2880
2839
2915
2881
2886
2965
2885
2889
2919
2888
2854
2882
2890
2891
2892
2935
2894
2894
2894
2856
2931
2895
2896
2897
2897
2896
2883
2824
2898
2902
2945
2862
2795
2903
2929
2906
2871
2876
2951
2906
2929
2909
2899
2910
2911
2910
2911
2958
2881
3053
2955
2956
2919
2916
3000
2901
2921
2855
2925
2909
2926
2926
2926
2892
2925
2923
2927
2931
2931
2890
2939
2973
2970
2876
3006
2940
2941
2865
2948
2906
2907
2951
2953
2958
2958
2999
2915
2916
3025
3030
2842
2962
2963
3002
2991
2926
2926
2973
2978
3038
3008
2970
2976
2983
3016
3006
2984
3049
2985
3035
2987
3022
2959
2995
2913
2999
3027
3025
2967
3030
3029
2916
2882
3031
3001
3005
3006
2985
3076
2934
2982
2985
3043
3012
3015
2984
3085
3022
3050
3021
3007
2992
3034
2999
2996
3024
2960
3026
3027
3027
3023
3100
3025
3028
3029
3066
3031
3000
3070
3031
2991
3032
3034
3035
3010
3075
3039
3038
3041
3043
3079
3117
3017
3042
3131
3047
3048
3088
2984
3050
3051
2961
3055
3060
3094
3057
3054
3098
3062
3100
3094
3060
3104
3083
3064
3107
3107
3066
3064
3086
3113
3067
3069
3004
3072
3074
3010
3075
3039
3043
3077
3079
3078
3081
3074
3170
3042
3085
3063
3047
3133
3084
3106
3088
3100
3090
3025
3056
2990
3094
3145
3096
3098
3098
3098
3141
3099
3062
3062
3101
3102
3103
3061
3105
3106
3160
3116
3066
3108
3160
3110
3110
3106
3199
3164
3203
3011
3166
3111
3181
3171
3120
3116
3131
3085
3018
3133
3134
3134
3134
3175
3176
3095
3142
3142
3208
3146
3093
3148
3194
3156
3063
3196
3157
3158
3196
3109
3165
3200
3191
3054
3168
3240
3205
3191
3150
3155
3170
3171
3082
3170
3209
3173
3177
3139
3179
3140
3215
3182
3221
3209
3146
3186
3187
3186
3226
3227
3156
3156
3223
3165
3196
3066
3196
3193
3190
3235
3199
3164
3111
3200
3241
3244
3168
3206
3158
3188
3126
3126
3212
3213
3216
3214
3257
3186
3210
3220
3220
3184
3222
3186
3222
3281
3225
3226
3226
3192
3222
3230
3232
3236
3233
3273
3209
3275
3166
3113
3242
3243
3243
3204
3246
3250
3320
3285
3254
3218
3254
3261
3263
3262
3313
3309
3246
3248
3266
3267
3273
3273
3237
3238
3270
3307
3275
3268
3276
3301
3285
3252
3261
3286
3290
3311
3292
3293
3293
3317
3293
3293
3319
3319
3297
3303
3325
3301
3263
3310
3293
3353
3313
3292
3293
3315
3320
3317
3393
3316
3317
3310
3318
3224
3337
3327
3285
3321
3346
3324
3348
3326
3332
3327
3352
3354
3333
3317
3334
3347
3284
3359
3342
3339
3274
3343
3345
3346
3414
3367
3347
3345
3370
3348
3348
3346
3330
3349
3350
3351
3375
3327
3353
3329
3381
3354
3334
3357
3358
3359
3388
3359
3361
3391
3367
3413
3394
3378
3368
3370
3384
3370
3372
3317
3352
3354
3380
3382
3263
3353
3408
3385
3388
3387
3387
3409
3417
3391
3391
3418
3412
3394
3394
3348
3398
3385
3399
3427
3403
3427
3408
3401
3405
3385
3434
3409
3423
3413
3436
3336
3413
3362
3439
3366
3441
3417
3416
3414
3417
3447
3419
3449
3425
3378
3452
3453
3454
3429
3424
3433
3432
3432
3435
3436
3410
3414
3439
3440
3436
3465
3442
3436
3470
3445
3446
3447
3447
3323
3476
3445
3478
3449
3657
3556
3482
3401
3458
3453
3453
3454
3421
3420
3455
3455
3453
3457
3458
3448
3459
3461
3536
3463
3476
3572
3467
3468
3470
3366
3478
3543
3504
3476
3445
3512
3478
3478
3517
3451
3451
3518
3518
3514
3452
3560
3481
3489
3522
3525
3485
3465
3488
3490
3494
3491
3493
3488
3498
3499
3534
3500
3500
3533
3501
3441
3501
3504
3545
3508
3508
3508
3450
3588
3511
3476
3549
3513
3514
3481
3528
3554
3519
3519
3487
3563
3523
3484
3524
3525
3525
3487
3486
3528
3561
3530
3575
3460
3534
3501
3536
3511
3534
3537
3539
3576
3688
3544
3507
3542
3549
3552
3645
3589
3574
3565
3482
3553
3604
3556
3468
3557
3559
3521
3480
3562
3562
3567
3632
3570
3606
3605
3565
3555
3610
3587
3574
3575
3501
3498
3575
3576
3619
3623
3581
3581
3576
3628
3583
3586
3589
3548
3624
3591
3591
3593
3633
3570
3632
3671
3606
3607
3570
3610
3609
3641
3641
3610
3571
3611
3611
3611
3644
3646
3613
3614
3619
3618
3643
3548
3614
3572
3614
3620
3404
3627
3605
3663
3652
3628
3751
3594
3633
3594
3555
3634
3635
3674
3627
3637
3610
3677
3610
3709
3676
3582
3509
3648
3649
3649
3714
3650
3661
3578
3654
3652
3655
3693
3663
3480
3655
3696
3660
3664
3700
3737
3635
3710
3674
3677
3641
3673
3675
3703
3731
3687
3681
3475
3718
3682
3685
3685
3718
3681
3618
3549
3722
3693
3693
3681
3697
3697
3698
3664
3725
3760
3701
3739
3703
3642
3707
3679
3701
3731
3710
3742
3713
3714
3684
3718
3714
3702
3719
3721
3722
3722
3721
3689
3723
3726
3730
3729
3698
3652
3760
3711
3634
3733
3734
3765
3732
3735
3702
3738
3737
3737
3745
3739
3741
3741
3680
3743
3666
3779
3700
3760
3780
3731
3733
3758
3785
3765
3767
3827
3772
3791
3632
3777
3796
3795
3817
3779
3779
3774
3780
3782
3781
3775
3784
3786
3800
3765
3787
3791
3841
3773
3746
3813
3793
3795
3778
3794
3796
3823
3789
3799
3822
3785
3824
3804
3806
3832
3813
3836
3813
3816
3819
3888
3809
3817
3845
3778
3852
3821
3822
3841
3827
3824
3865
3851
3817
3827
3772
3832
3794
3838
3832
3809
3833
3803
3850
3860
3836
3837
3849
3840
3810
3791
3842
3842
3843
3844
3844
3826
3845
3801
3849
3789
3865
3875
3813
3845
3851
3852
3880
3857
3857
3883
3861
3844
3865
3868
3903
3863
3870
3907
3872
3875
3894
3890
3880
3881
3856
3876
3882
3883
3877
3910
3884
3885
3889
3906
3890
3905
3875
3897
3829
3915
3895
3911
3878
3917
3836
3897
3833
3900
3940
3904
3894
3886
3952
3891
3928
3909
3909
3911
3913
3895
3896
3935
3916
3917
3938
3905
3941
3967
3922
3923
3926
3926
3971
3916
3928
3928
3950
3905
3929
3894
3932
3911
3980
3926
3932
3935
3935
3929
3936
3938
3916
3965
3942
3939
3965
3944
3946
3970
3965
3947
3950
3950
3931
3951
3934
3956
3979
3926
3954
4008
3957
3987
3965
3987
3973
3958
3964
3939
3992
3922
3867
3918
3968
3969
3998
3946
3995
3969
3972
3995
3956
3956
3954
3981
4008
3983
4011
4005
3979
3984
4022
3965
3987
3985
3985
3967
3988
3989
4018
3989
3991
3967
3993
3998
3946
4003
3999
4000
4032
4016
3976
4004
3983
3982
4008
3983
4003
4003
4042
4010
4044
4013
3985
4021
4047
3992
4025
4027
4026
4029
4031
4032
4032
4032
3969
4059
4033
4033
4038
4042
4064
4039
4043
4044
3981
4047
4048
4014
4076
4050
4054
4054
4076
4071
4059
4032
4058
4063
4082
4064
4097
4066
4066
4069
4056
4071
4072
4049
4050
4077
4092
4104
4078
4106
4064
4080
4083
4083
4010
4087
4092
4077
4103
4094
4095
4097
4082
4102
4084
4113
4104
4105
4117
4109
4113
4066
4115
4099
4117
4123
4117
4116
4121
4123
4123
4116
4133
4135
4127
4132
4130
4129
4134
4135
4135
4137
4137
4142
4143
4144
4143
4144
4145
4152
4145
4701
4146
4150
4147
4148
4150
4152
4156
4155
4156
4155
4156
4178
4158
4159
4161
4160
4162
4155
4167
4167
4169
4168
4168
4166
4165
4169
4170
4170
4174
4182
4194
4167
4185
4180
4172
4182
4179
4187
4183
4187
4187
4187
4188
4182
4194
4189
4191
4187
4192
4188
4197
4180
4161
4195
4204
4198
4194
4200
4208
4204
4196
4205
4208
4204
4247
4197
4209
4211
4221
4206
4210
4211
4215
4224
4218
4227
4246
4226
4223
4224
4214
4232
4227
4227
4227
4225
4216
4229
4231
4241
4229
4225
4233
4235
4236
4239
4251
4246
4243
4245
4218
4214
4251
4248
4226
4258
4252
4253
4255
4259
4259
4259
4239
4259
4265
4263
4263
4265
4275
4266
4272
4282
4276
4282
4278
4279
4281
4283
4275
4280
4285
4285
4285
4287
4289
4285
4289
4291
4291
4288
4295
4286
4296
4323
4299
4303
4301
4292
4311
4305
4308
4301
4309
4305
4318
4311
4316
4316
4325
4318
4326
4320
4326
4321
4324
4327
4293
4306
4312
4321
4326
4326
4330
4327
4330
4330
4327
4329
4324
4303
4330
4331
4332
4332
4334
4336
4336
4331
4332
4339
4339
4339
4339
4336
4341
4341
4343
4351
4345
4347
4337
4353
4353
4356
4359
4360
4358
4347
4359
4347
4361
4360
4362
4362
4362
4360
4362
4367
4363
4366
4364
4367
4363
4361
4372
4375
4366
4377
4372
4384
4375
4375
4369
4374
4385
4376
4377
4380
4378
4397
4392
4369
4374
4379
4384
4386
4387
4392
4383
4393
4390
4391
4397
4389
4404
4399
4399
4399
4400
4402
4403
4404
4404
4404
4419
4403
4368
4405
4409
4419
4410
4413
4422
4414
4416
4419
4419
4417
4403
4408
4406
4431
4432
4413
4422
4431
4431
4437
4438
4432
4432
4428
4431
4433
4445
4444
4437
4437
4437
4437
4458
4422
4435
4438
4438
4438
4438
4434
4439
4459
4450
4442
4444
4461
4446
4446
4468
4441
4448
4450
4471
4471
4422
4452
4434
4475
4459
4441
4436
4456
4452
4478
4461
4463
4463
4485
4463
4465
4466
4518
4450
4469
4470
4471
4499
4451
4465
4466
4474
4496
4475
4465
4478
4481
4481
4460
4482
4485
4485
4482
4501
4454
4512
4490
4492
4515
4471
4493
4494
4494
4495
4499
4475
4487
4488
4501
4508
4484
4510
4510
4502
4512
4512
4527
4513
4515
4549
4492
4513
4525
4541
4440
4520
4530
4489
4533
4548
4534
4536
4547
4537
4536
4513
4551
4540
4540
4541
4540
4518
4544
4557
4546
4561
4563
4536
4537
4553
4563
4560
4558
4523
4561
4574
4562
4552
4576
4565
4570
4591
4557
4580
4567
4570
4595
4562
4575
4575
4586
4577
4577
4578
4588
4579
4580
4539
4595
4587
4563
4586
4588
4568
4589
4601
4578
4604
4594
4583
4572
4597
4600
4602
4611
4589
4604
4604
4603
4601
4605
4608
4611
4611
4616
4630
4588
4615
4619
4624
4627
4621
4627
4637
4624
4606
4623
4625
4626
4627
4640
4628
4629
4631
4616
4635
4643
4631
4645
4635
4628
4644
4636
4646
4621
4642
4632
4646
4666
4643
4678
4635
4646
4622
4608
4648
4650
4653
4657
4676
4668
4662
4645
4659
4672
4654
4665
4675
4671
4707
4682
4680
4668
4671
4664
4683
4674
4665
4674
4686
4684
4655
4645
4690
4674
4677
4657
4667
4693
4694
4686
4662
4683
4701
4698
4679
4699
4688
4689
4676
4731
4691
4677
4706
4657
4695
4696
4696
4728
4700
4687
4718
4687
4720
4722
4791
4692
4709
4709
4710
4712
4726
4697
4714
4749
4719
4720
4690
4726
4719
4721
4751
4706
4723
4718
4738
4728
4728
4715
4728
4735
4733
4761
4733
4735
4738
4738
4721
4740
4755
4690
4742
4746
4760
4765
4752
4753
4756
4676
4745
4759
4760
4759
4760
4747
4761
4763
4763
4782
4773
4766
4731
4703
4773
4774
4778
4769
4776
4776
4780
4789
4775
4777
4790
4787
4787
4793
4806
4786
4789
4790
4787
4798
4788
4791
4792
4793
4775
4793
4801
4794
4794
4796
4799
4785
4800
4813
4802
4806
4802
4816
4806
4834
4806
4821
4789
4810
4824
4811
4808
4813
4813
4830
4831
4828
4817
4794
4834
4821
4817
4812
4823
4839
4824
4824
4820
4836
4825
4829
4813
4809
4815
4832
4847
4806
4833
4833
4835
4856
4823
4854
4839
4823
4841
4842
4887
4846
4874
4819
4853
4854
4871
4837
4838
4857
4862
4874
4880
4850
4864
4866
4868
4855
4867
4872
4878
4877
4843
4863
4951
4884
4878
4873
4890
4875
4892
4883
4884
4894
4888
4887
4888
4874
4889
4890
4902
4892
4892
4900
4892
4909
4885
4893
4895
4912
4912
4896
4902
4890
4882
4903
4903
4904
4905
4900
4906
4862
4925
4920
4906
4909
4911
4895
4909
4909
4907
4913
4915
4917
4917
4937
4914
4914
4918
4924
4862
4943
4907
4928
4933
4941
4935
4937
4917
4924
4942
4943
4953
4956
4956
4957
4957
4952
4960
4956
4931
4948
4944
4965
4957
4957
4951
4954
4954
4958
4969
4973
4965
4963
4965
4978
4930
4959
4968
4972
4973
4984
4987
4960
4967
4974
4989
4977
4992
4980
4973
4973
4983
4995
4996
4985
4990
4997
4989
4993
4995
5003
4995
4995
4993
5010
4996
4996
5004
4997
4998
5035
5001
5000
5095
5018
4995
4984
4999
5021
4983
5043
5007
5008
5011
5020
5036
5013
5014
5014
5015
5003
5018
5017
5017
5020
5021
5021
5004
5041
5020
5054
5023
5008
5042
5012
5035
5030
5050
5041
5013
5028
5066
5023
5027
5046
5057
5059
4965
5052
5053
5059
5064
5058
5066
5051
5053
5050
5063
5070
5065
5070
5049
5064
5065
5067
5079
5044
5077
5073
5074
5078
5090
5071
5074
5080
5083
5043
5091
5086
5092
5084
5089
5091
5096
5094
5100
5093
5098
5098
5096
5106
5099
5098
5111
5103
5106
5106
5098
5103
5100
5113
5111
5113
5111
5113
5114
5118
5118
5121
5123
5119
5123
5129
5129
5127
5131
5129
5132
5130
5133
5133
5134
5134
5134
5139
5144
5144
5137
5146
5145
5146
5167
5153
5144
5148
5157
5179
5159
5173
5163
5219
5166
5179
5168
5159
5169
5167
5180
5175
5165
5185
5176
5185
5177
5186
5186
5153
5176
5184
5190
5174
5187
5178
5212
5183
5181
5199
5187
5193
5183
5186
5197
5180
5182
5206
5198
5201
5234
5205
5224
5224
5224
5207
5225
5216
5226
5216
5218
5204
5161
5200
5204
5207
5210
5153
5244
5223
5197
5229
5254
5230
5255
5232
5255
5235
5256
5257
5240
5223
5225
5261
5245
5247
5273
5225
5254
5231
5238
5236
5240
5256
5243
5269
5280
5259
5259
5233
5254
5253
5256
5285
5272
5267
5305
5275
5278
5309
5254
5306
5310
5279
5273
5312
5279
5278
5313
5283
5313
5288
5283
5316
5293
5321
5295
5323
5291
5262
5323
5297
5323
5259
5322
5280
5283
5309
5289
5318
5282
5281
5294
5304
5296
5308
5325
5287
5324
5313
5314
5309
5299
5311
5313
5339
5318
5344
5345
5320
5345
5323
5347
5327
5349
5301
5324
5309
5353
5313
5328
5352
5334
5331
5354
5336
5335
5335
5337
5329
5319
5354
5336
5352
5336
5341
5360
5340
5347
5347
5343
5350
5345
5362
5365
5347
5350
5378
5356
5352
5340
5370
5359
5361
5371
5361
5357
5355
5372
5363
5364
5353
5365
5365
5356
5361
5366
5379
5369
5367
5372
5346
5374
5385
5357
5384
5385
5371
5370
5394
5385
5381
5382
5375
5399
5387
5401
5377
5395
5402
5390
5396
5409
5387
5389
5389
5379
5403
5402
5401
5409
5417
5404
5403
5419
5407
5420
5398
5411
5421
5397
5409
5411
5423
5418
5428
5404
5415
5429
5420
5432
5429
5424
5426
5439
5441
5396
5442
5422
5434
5419
5445
5431
5449
5410
5424
5428
5440
5435
5455
5441
5457
5445
5451
5462
5451
5451
5444
5421
5479
5471
5460
5458
5454
5444
5448
5495
5465
5485
5488
5472
5466
5480
5471
5473
5494
5473
5494
5458
5492
5480
5474
5471
5479
5467
5503
5499
5485
5482
5483
5514
5472
5491
5491
5515
5497
5523
5505
5524
5501
5497
5528
5504
5529
5509
5538
5510
5539
5513
5513
5508
5541
5516
5546
5514
5522
5551
5439
5534
5490
5452
5470
5521
5525
5512
5528
5540
5549
5529
5525
5576
5521
5498
5544
5561
5542
5536
5567
5546
5569
5550
5491
5571
5548
5574
5553
5553
5552
5554
5529
5552
5523
5540
5562
5553
5566
5556
5560
5559
5585
5561
5561
5580
5586
5565
5565
5563
5562
5591
5595
5570
5570
5559
5597
5578
5606
5598
5611
5568
5532
5561
5570
5584
5589
5584
5582
5553
5586
5619
5622
5592
5597
5580
5797
5627
5572
5625
5622
5589
5615
5600
5598
5609
5797
5630
5593
5613
5600
5597
5614
5618
5617
5652
5632
5623
5665
5624
5666
5625
5666
5630
5653
5630
5630
5678
5682
5633
5638
5636
5682
5690
5641
5645
5642
5692
5752
5619
5709
5660
5600
5618
5668
5622
5631
5646
5696
5659
5639
5713
5682
5672
5676
5727
5730
5679
5680
5734
5657
5734
5674
5686
5682
5685
5741
5746
5692
5692
5751
5696
5754
5755
5756
5617
5653
5764
5710
5652
5713
5766
5711
5766
5767
5715
5714
5768
5717
5776
5699
5643
5629
5733
5635
5684
5725
5748
5691
5719
5702
5700
5710
5727
5711
5715
5689
5741
5710
5740
5784
5720
5780
5725
5696
5730
5757
5785
5728
5725
5787
5734
5733
5796
5743
5799
5743
5754
5751
5754
5747
5802
5758
5759
5806
5758
5726
5808
5767
5764
5813
5816
5772
5773
5817
5781
5781
5830
5832
5784
5833
5729
5787
5786
5786
5786
5741
5786
5797
5834
5789
5896
5732
5797
5839
5797
5797
5787
5797
5785
5600
5837
5844
5615
5707
5754
5761
5799
5764
5767
5773
5810
5763
5802
5781
5786
5783
5806
5805
5798
5860
5806
5860
5807
5863
5812
5816
5865
5815
5869
5869
5822
5881
5828
5826
5827
5825
5813
5884
5831
5888
5892
5790
5790
5813
5847
5865
5791
5811
5839
5798
5814
5896
5904
5843
5907
5849
5847
5850
5909
5854
5912
5912
5858
5833
5919
5839
5839
5861
5920
5924
5872
5896
5873
5874
5925
5807
5914
5834
5824
5860
5838
5924
5900
5841
5850
5885
5811
5881
5861
5555
5841
5870
5915
5881
5936
5883
5941
5891
5889
5943
5894
5946
5948
5819
5924
5904
5904
5927
5954
5907
5954
5954
5911
5911
5933
5957
5873
5914
5855
5958
5962
5886
5921
5923
5923
5969
5927
5920
5972
5929
5973
5933
5921
6500
5979
5869
5920
5939
5896
5936
5901
5908
5946
5952
5911
5952
5928
5957
5937
5937
5924
5940
5984
5938
5989
5946
5950
5949
5997
6002
5941
5904
5914
6014
5952
5951
5954
6015
5955
6043
6021
5880
5930
5892
5933
5952
6017
5958
5958
5958
5955
5921
6023
6031
5961
5960
6037
5970
5971
6040
5974
6040
5973
6034
5977
6049
6145
5991
5983
5983
6063
5996
5957
6074
5997
5999
6077
6081
6001
6091
6008
6016
6025
6031
6108
6025
6113
6032
5979
6114
6031
5987
5971
5954
6120
6042
6127
6127
6049
6049
6049
6053
6134
6052
6141
5986
5969
6115
6072
5991
6064
5997
6060
6062
6156
6157
6066
6067
6157
6064
6081
6081
6081
6071
6068
6095
6169
6170
6093
6087
6082
6090
6182
6095
6086
6073
6185
6098
6021
6057
6187
6101
6188
6105
6190
6106
6099
6100
6190
6109
6191
6193
6033
5974
5968
6022
6032
6038
6042
6048
6134
6081
6095
6122
6091
6179
6182
6186
6102
6106
6067
6109
6124
6097
6173
6166
6163
6094
6173
6110
6144
6197
6113
6112
6201
6152
6120
6117
6126
6153
6215
6129
6216
6219
6138
6133
6134
6223
6148
6229
6235
6236
6158
6154
6237
6159
6159
6160
6242
6160
6243
6098
6178
6106
6056
6193
6118
6202
6128
6165
6245
6246
6167
6135
6248
6252
6173
6177
6255
6181
6265
6267
6189
6189
6187
6189
6269
6200
6196
6144
6116
6204
6191
6286
6206
6198
6198
6288
6207
6208
6162
6290
6216
6296
6299
6219
6419
6300
6207
6169
6152
6156
6152
6162
6153
6254
6128
6289
6227
6227
6178
6175
6213
6245
6185
6267
6188
6209
6213
6294
6229
6221
6302
6224
6220
6305
6226
6309
6310
6228
6206
6168
6311
6219
6177
6190
6292
6305
6227
6313
6231
6223
6229
6315
6321
6237
6253
6322
6240
6242
6324
6248
6250
6337
6254
6343
6250
6345
6258
6230
6345
6260
6346
6350
6354
6270
6354
6273
6271
6271
6273
6355
6273
6356
6279
6279
6411
6364
6218
6233
6240
6294
6242
6254
6327
6229
6257
6294
6263
6312
6266
6248
6351
6271
6287
6309
6274
6356
6275
6368
6223
6340
6263
6256
6388
6245
6291
6281
6291
6375
6384
6301
6319
6394
6404
6320
6404
6321
6406
6409
6336
6293
6377
6326
6411
6418
6284
6351
6333
6421
6347
6339
6338
6352
6319
6345
6351
6342
6433
6357
6349
6438
6366
6364
6312
6445
6371
6452
6372
6372
6368
6369
6452
6374
6454
6374
6377
6457
6378
6457
6383
6459
6375
6344
6461
6385
6463
6386
6466
6468
6389
6296
6394
6470
6393
6473
6476
6321
6396
6388
6467
6401
6324
6315
6482
6408
6401
6490
6303
6245
6493
6415
6413
6498
6418
6419
6502
6477
6503
6272
6352
6326
6411
6338
6352
6439
6432
6383
6398
6376
6529
6393
6457
6510
6423
6424
6424
6511
6425
6426
6511
6421
6382
6433
6435
6517
6430
6426
6518
6436
6518
6440
6520
6522
6445
6442
6442
6444
6444
6526
6447
6439
6527
6449
6378
6384
6382
6454
6533
6455
6533
6392
6463
6534
6459
6538
6462
6468
6477
5935
6552
6346
6387
6488
6560
6478
6406
6483
6483
6561
6485
6491
6395
6478
6566
6567
6495
6492
6359
6581
6357
6416
6425
6416
6421
6497
6435
6433
6505
6436
6485
6442
6468
6520
6459
6429
6555
6449
6572
6510
6372
6588
6512
6591
6459
6481
6591
6514
6516
6476
6593
6595
6519
6517
6527
6597
6524
6611
6531
6530
6531
6519
6528
6616
6534
6533
6534
6489
6619
6539
6540
6623
6623
6542
6498
6623
6626
6547
6545
6546
6546
6629
6629
6548
6629
6554
6555
6513
6636
6564
6648
6558
6560
6561
6649
6566
6651
5876
6516
6428
6505
6502
6516
6581
6571
6519
6525
6534
6539
6592
6582
6515
6555
6540
6542
6545
6586
6565
6531
6583
6652
6536
6621
6587
6549
6570
6569
6652
6654
6583
6565
6666
6548
6583
6579
6584
6664
6677
6591
6679
6597
6617
6603
6601
6683
6605
6686
6614
6608
6603
6698
6707
6568
6631
6708
6708
6628
6624
6629
6709
6621
6620
6624
6712
6633
6715
6717
6720
6724
6644
6642
6640
6648
6731
6656
6653
6648
6734
6662
6660
6660
6738
6665
6741
6751
6674
6671
6670
6754
6757
6619
6609
6571
6665
6614
6677
6673
6759
6678
6678
6678
6761
6680
6680
6677
6677
6765
6681
6767
6684
6777
6689
6779
6623
6629
6709
6669
6636
6632
6621
6698
6640
6713
6711
6583
6668
6757
6709
6690
6789
6696
6710
6710
6800
6691
6804
6809
6715
6715
6651
6717
6722
6818
6722
6704
6712
6714
6819
6728
6729
6827
6827
6828
6728
6732
6828
6589
6598
6692
6663
6656
6614
6680
6637
6812
6662
6754
6672
6688
6688
6706
6799
6735
6706
6705
6777
6714
6775
6724
6823
6719
6818
6730
6758
6757
6731
6733
6735
6831
6737
6835
6755
6738
6756
6852
6718
6798
6728
6802
6833
6736
6739
6776
6847
6857
6762
6769
6863
6869
6772
6784
6733
6878
6786
6878
6882
6789
6794
6678
6886
6795
6808
6798
6887
6798
6801
6800
6806
6892
6897
6812
6812
6900
6819
6819
6823
6767
6904
6750
6842
6835
6750
6916
6836
6836
6836
6831
6830
6739
6872
6917
6862
6768
6837
6841
6927
6929
6934
6848
6850
6936
6938
6854
6942
6854
6857
6946
6858
6947
6860
6853
6854
6951
6952
6861
6864
6869
6964
6965
6874
6874
6781
6969
6734
6824
6779
6875
6795
6789
6840
6819
6832
6915
6887
6850
6842
6851
6884
6884
6854
6884
6942
6870
6962
6957
6860
6805
6868
6974
6797
6888
6836
6878
6882
6826
6882
6843
6980
6883
6879
6981
6983
6886
6887
6892
6985
6888
6992
6894
6894
6994
6996
6895
6899
6996
6898
6900
6997
6999
6902
6877
6902
7001
6905
7005
7008
6919
6918
6912
6909
6915
7012
7016
6922
7018
7023
6927
6874
6929
7024
6941
7026
6942
6938
7033
6955
6947
6890
6876
7053
6838
7003
7023
6855
6877
6892
6886
6900
6960
6896
6982
6977
6903
6878
6964
6977
6963
7064
6971
6968
7068
7069
6976
7071
6897
6997
7074
7076
6898
6902
6979
6997
6992
7092
7000
6893
7095
7003
7098
6897
6988
6992
6903
6915
6907
6912
6993
7013
6930
6963
6973
6954
7068
6982
7066
6985
7099
7004
6929
7102
7005
7015
7015
7009
7015
7108
7016
7108
7109
7018
7110
7110
7021
7111
7114
7025
7117
7026
7026
7117
7030
7118
7121
7033
7032
7037
7121
7042
7035
7036
7137
7143
7047
7141
7050
7039
7152
7055
7056
7154
7058
7155
7058
7199
7158
6935
6926
7009
6965
7071
7015
6933
7021
7023
7017
7080
7030
7033
7116
7020
7052
7112
7048
7107
7052
7107
7056
7102
7161
7102
7071
7058
7065
7167
7067
7061
7167
7070
7070
7168
7174
7077
7090
7180
7079
7262
7082
7085
7083
7093
7082
7079
7187
7094
7190
7087
7192
7101
7100
7117
7198
7031
7175
7068
7024
7105
7029
7027
7042
7151
7068
7074
7108
7201
7110
7055
7212
7125
7213
7214
7124
7212
7131
7138
7123
7138
7136
7222
7139
7224
7251
7149
7064
7153
7251
7159
7158
7161
7253
7255
7164
7255
7164
7165
7256
7171
7077
7259
7174
7174
7261
7082
7085
7180
7190
7082
7176
7098
7190
7264
7184
7180
7180
7273
7185
7185
7182
7180
7179
7274
7101
7187
7195
7198
7284
7198
7199
7286
7199
7278
7287
7074
7118
7119
7127
7130
7172
7138
7205
7152
7244
7248
7168
7221
7258
7115
7201
7177
7334
7168
7201
7185
7292
7206
7210
7216
7210
7170
7212
7296
7211
7296
7213
7212
7214
7214
7096
7297
7292
7163
7133
7153
7156
7298
7298
7218
7221
7305
7224
7229
7307
7227
7308
7318
7239
7245
7318
7243
7247
7399
7323
7256
7250
7253
7256
7228
7332
7258
7200
7203
7336
7267
7266
7278
7347
7271
7269
7270
7351
7277
7356
7319
7205
7357
7203
7190
7208
7293
7214
7193
7220
7215
7299
7213
7279
7198
7280
7225
7226
7314
7237
7363
7282
7292
7285
7282
7279
7238
7373
7292
7289
7376
7296
7298
7378
7379
7379
7381
7301
7300
7388
7311
7393
7292
7393
7313
7394
7316
7314
7239
7315
7395
7318
7317
7395
7243
7330
7321
7323
7327
7402
7325
7403
7004
7289
7247
7321
7252
7256
7259
7312
7260
7269
7331
7277
7292
7307
7353
7353
7298
7264
7384
7305
7316
7321
7400
7329
7284
7411
7296
7334
7331
7330
7417
7299
7353
7337
7295
7419
7344
7425
7339
7426
7348
7427
7349
7411
7428
7339
7421
7374
7354
7364
7358
7443
7446
7358
7383
7371
7368
7367
7368
7452
7380
7369
7383
7379
7458
7460
7390
7417
7463
7466
7395
7395
7327
7467
7474
7402
7405
7403
7361
7476
7309
7392
7338
7346
7412
7406
7318
7417
7489
7420
7491
7493
7425
7424
7494
7342
7495
7427
7428
7445
7350
7369
7447
7448
7453
7382
7436
7431
7462
7466
7414
7489
7423
7423
7394
7498
7495
7351
7368
7400
7438
7431
7441
7436
7504
7505
7437
7505
7371
7385
7439
7440
7506
7452
7518
7454
7426
7520
7520
7456
7457
7457
7467
7460
7523
7461
7524
7462
7373
7414
7524
7393
7523
7527
7529
7463
7476
7470
7476
7474
7534
7480
7476
7482
7537
7541
7485
7486
7402
7428
7450
7435
7445
7503
7440
7510
7455
7456
7458
7455
7430
7476
7498
7510
7458
7496
7461
7470
7534
7478
7487
7542
7545
7492
7494
7490
7549
7554
7463
7501
7525
7559
7502
7508
7560
7505
7568
7511
7569
7511
7569
7576
7520
7517
7489
7580
7487
7487
7583
7498
7526
7530
7530
7529
7526
7489
7592
7532
7594
7534
7595
7527
7596
7541
7542
7597
7476
7590
7492
7516
7550
7501
7556
7549
7510
7519
7523
7528
7588
7508
7578
7565
7540
7537
7534
7594
7594
7512
7545
7600
7531
7574
7542
7547
7554
7566
7623
7547
7629
7633
7570
7635
7571
7637
7641
7573
7582
7643
7648
7581
7586
7651
7588
7567
7556
7651
7523
7561
7595
7595
7544
7616
7665
7598
7594
7668
7576
7603
7670
7605
7672
7677
7612
7679
7681
7617
7682
7586
7670
7518
7566
7599
7558
7541
7603
7631
7596
7588
7664
7655
7604
7670
7684
7619
7620
7620
7685
7621
7620
7607
7688
7623
7627
7643
7626
7695
7630
7641
7641
7703
7708
7646
7601
7650
7708
7569
7685
7580
7639
7588
7654
7650
7623
7705
7646
7703
7602
7644
7650
7709
7711
7658
7712
7660
7729
7677
7678
7655
7661
7731
7733
7680
7681
7682
7735
7689
7686
7689
7678
7738
7739
7695
7695
7742
7744
7697
7744
7700
7697
7694
7751
7702
7756
7609
7648
7707
7757
7703
7709
7704
7708
7711
7763
7651
7722
7664
7673
7666
7722
7677
7665
7722
7680
7691
7696
7697
7699
7690
7689
7750
7708
7766
7666
7739
7770
7711
7716
7725
7719
7769
7718
7729
7773
7778
7726
7723
7779
7780
7727
7732
7728
7771
7786
7712
7767
7711
7790
7790
7737
7738
7738
7791
7739
7792
7736
7792
7749
7799
7813
7758
7768
7729
7768
7768
7740
7760
7821
7727
7712
7814
7720
7777
7775
7830
7779
7777
7727
7833
7780
7835
7822
7734
7718
7723
7736
7736
7758
7797
7761
7803
7766
7779
7837
7793
7754
7847
7795
7795
7782
7901
7796
7796
7762
7851
7821
7802
7740
7803
7859
7859
7807
7863
7864
7867
7814
7872
7873
7818
7874
7821
7878
7828
7822
7885
7829
7813
7789
7886
7831
7787
7787
7784
7837
7891
7836
7832
7894
7843
7896
7844
7845
7897
7842
7898
7794
7782
7886
7796
7806
7825
7810
7808
7842
7815
7828
7852
7831
7878
7816
7802
7844
7841
7844
7855
7851
7813
7841
7874
7882
7869
7865
7860
7852
7851
7920
7857
7908
7922
7872
7862
7924
7878
7874
7879
7940
7858
7888
7883
7903
7943
7887
7886
7892
7892
7901
7948
7896
7951
7956
7902
7956
7905
7956
7905
7882
7959
7907
7961
7961
7872
7916
7913
7883
7861
7893
7919
7900
7940
7880
7914
7924
7886
7916
7911
7907
7965
7902
7903
7915
7968
7972
7922
7923
7912
7973
7909
7945
7987
7910
7887
7994
7938
7940
7996
7996
7941
8002
7946
7945
8002
7948
8006
7952
7953
7953
7954
8006
7958
8013
8015
7886
7946
7963
7932
7912
7966
7922
7941
7991
7986
7947
7951
7948
7960
7962
8023
7970
8025
7935
8025
8026
7977
7972
7972
7975
7975
8033
8006
7924
7936
7994
7979
8034
8037
7985
8038
8039
7998
8044
7998
7996
8047
8003
8003
8051
8009
8009
8004
8056
8013
8063
8014
8019
8068
7962
7967
7971
8022
7972
7994
7978
7988
8000
8043
7997
8034
8008
8056
8016
8020
7996
8034
8081
8083
8028
8026
8033
8084
8085
7968
8076
7982
8038
8085
8040
8038
8038
8040
8040
8090
8046
8048
8098
8099
8102
8051
8049
8048
8103
8053
8106
8025
8043
8029
8021
8058
8040
8082
8093
8029
8070
8075
8052
8044
8108
8060
8119
8054
8052
8071
8073
8126
8058
8016
8039
8114
8084
8022
8178
8074
8130
8133
8086
8088
8125
8087
8141
8091
8064
8144
8159
8098
8100
8096
8161
8110
8114
8173
8114
8178
8115
8087
8078
8119
8181
8120
8182
8121
8182
8126
8063
8088
8190
8127
8191
8131
8092
8084
8193
8132
8132
8133
8194
8133
8132
8136
8195
8077
8129
8085
8077
8101
8150
8110
8118
8122
8120
8171
8115
8169
8161
8131
8132
8141
8132
8169
8198
8144
8212
8168
8149
8168
8165
8159
8098
8233
8131
8186
8138
8171
8203
8233
8169
8235
8175
8172
8177
8238
8142
8224
8178
8180
8239
8243
8184
8159
8247
8192
8253
8201
8206
8260
8206
8203
8206
8199
8216
8267
8209
8270
8274
8277
8277
8218
8188
8195
8192
8197
8278
8284
8224
8227
8223
8224
8291
8293
8232
8232
8231
8295
8296
8177
8179
8240
8159
8193
8187
8228
8195
8254
8214
8266
8211
8229
8215
8206
8297
8234
8235
8237
8197
8279
8303
8241
8241
8241
8305
8310
8301
8250
8317
8319
8252
8319
8256
8257
8322
8259
8258
8325
8260
8327
8218
8268
8237
8268
8229
8331
8331
8270
8333
8333
8270
8277
8272
8282
8280
8338
8228
8285
8340
8342
8295
8288
8294
8350
8298
8357
8236
8244
8243
8302
8245
8359
8304
8366
8217
8265
8338
8235
8259
8252
8264
8253
8256
8330
8267
8331
8285
8336
8300
8336
8360
8311
8272
8368
8315
8372
8319
8378
8316
8373
8323
8329
8329
8314
8395
8331
8323
8333
8396
8348
8297
8291
8363
8356
8320
8328
8282
8401
8337
8331
8333
8403
8338
8311
8406
8408
8339
8409
8347
8343
8340
8342
8417
8348
8419
8303
8382
8335
8321
8380
8338
8354
8409
8376
8349
8420
8360
8424
8363
8429
8366
8358
8371
8372
8435
8380
8337
8383
8433
8369
8436
8377
8439
8391
8350
8446
8396
8449
8449
8398
8450
8451
8401
8366
8459
8459
8511
8374
8420
8418
8412
8364
8464
8402
8346
8341
8423
8429
8350
8414
8439
8379
8411
8392
8420
8420
8392
8467
8397
8441
8424
8471
8426
8425
8471
8428
8472
8430
8476
8434
8433
8482
8420
8443
8423
8483
8440
8444
8441
8439
8488
8488
8445
8448
8445
8448
8443
8492
8450
8493
8412
8494
8452
8495
8497
8498
8454
8498
8455
8456
8457
8417
8422
8465
8428
8436
8461
8441
8426
8437
8447
8476
8444
8477
8491
8451
8444
8483
8453
8480
8460
8464
8486
8437
8517
8463
8462
8464
8470
8523
8477
8460
8526
8490
8446
8451
8479
8486
8527
8482
8532
8486
8537
8500
8556
8423
8456
8565
8565
8458
8510
8462
8574
8504
8478
8512
8518
8568
8525
8572
8521
8521
8519
8522
8573
8513
8575
8523
8526
8577
8527
8578
8532
8580
8581
8528
8578
8539
8535
8540
8586
8517
8521
8492
8544
8526
8480
8471
8526
8573
8539
8578
8589
8542
8543
8552
8589
8544
8589
8559
8597
8598
8559
8601
8562
8562
8562
8601
8563
8566
8604
8571
8569
8533
8609
8525
8611
8579
8618
8580
8559
8618
8582
8619
8585
8583
8592
8593
8542
8544
8592
8547
8587
8591
8590
8627
8627
8533
8578
8573
8564
8571
8604
8576
8614
8618
8652
8628
8593
8594
8598
8595
8631
8597
8598
8633
8634
8563
8586
8600
8637
8601
8640
8605
8645
8607
8602
8647
8555
8648
8648
8619
8555
8569
8581
8615
8585
8620
8597
8593
8613
8640
8593
8626
8646
8613
8657
8624
8625
8658
8660
8664
8640
8638
8641
8626
8634
8675
8604
8645
8646
8616
8677
8645
8677
8651
8609
8682
8653
8675
8688
8619
8633
8648
8670
8664
8696
8666
8630
8698
8664
8666
8670
8703
8676
8674
8672
8670
8658
8708
8708
8646
8657
8646
8624
8677
8666
8693
8678
8680
8709
8712
8681
8683
8714
8687
8683
8715
8690
8691
8716
8716
8697
8692
8694
8721
8701
8699
8725
8727
8647
8668
8671
8674
8689
8699
8706
8723
8728
8704
8681
8729
8685
8734
8674
8709
8713
8709
8711
8738
8705
8718
8713
8717
8715
8743
8740
8687
8709
8739
8722
8714
8715
8721
8732
8717
8723
8725
8715
8751
8735
8741
8753
8747
8731
8760
8742
8761
8743
8761
8747
8749
8763
8749
8749
8744
8750
8764
8741
8732
8735
8754
8751
8742
8736
8753
8768
8755
8769
8756
8748
8769
8772
8762
8759
8763
8750
8776
8765
8766
8779
8750
8716
8762
8756
8770
8763
8788
8773
8781
8764
8778
8775
8805
8780
8796
8784
8770
8790
8785
8823
8786
8803
8790
8808
8790
8800
8795
8816
8822
8801
8784
8774
8782
8823
8793
8766
8809
8792
8802
8805
8806
8824
8817
8808
8826
8825
8796
8823
8804
8829
8813
8814
8829
8826
8830
8825
8838
8817
8838
8813
8818
8818
8839
8829
8828
8829
8839
8826
8836
8826
8830
8855
8837
8848
8841
8839
8835
8846
8851
8842
8847
8845
8836
8834
8852
8834
8858
8839
8848
8842
8862
8854
8854
8868
8862
8872
8858
8863
8877
8850
8853
8880
8866
8849
8880
8869
8867
8874
8870
8875
8884
8885
8875
8878
8884
8892
8868
8878
8884
8879
8882
8887
8885
8934
8887
8903
8884
8906
8894
8931
8913
8901
8886
8890
8902
8906
8910
8922
8910
8883
8896
8912
8912
8931
8914
8913
8915
8911
8904
8931
8916
8902
8893
8939
8920
8942
8921
8923
8959
8933
8928
8960
8936
8921
8938
8914
8931
9014
8966
8935
8938
8944
8949
8972
8951
8938
8975
8956
8980
8958
8984
8960
8948
8984
8945
8963
8951
8944
8979
8963
8960
8955
8960
8998
8969
8999
8999
8971
8974
9000
8988
8967
9034
8984
8977
8915
8954
9006
9019
8966
8970
8967
8989
8992
9023
9027
8995
9002
9028
9033
9003
8979
8971
8975
8961
9011
8994
8995
9009
9068
9005
8989
9016
9041
9007
9012
9008
9043
9010
9028
9015
9047
9060
9016
9014
9062
9029
9036
9064
9031
9064
9005
8999
9019
9053
9040
9043
9044
9081
9020
9054
9055
9046
9025
9028
9046
9045
9050
9029
9022
9036
9067
9055
9091
9058
9094
9064
9086
9062
9039
9100
9048
9085
9068
9070
9106
9107
9076
9113
9078
9113
9082
9118
9053
9085
9072
9097
9061
9067
9055
9064
9031
9070
9079
9120
9087
9093
9089
9124
9094
9099
9125
9132
9100
9134
9104
9101
9104
9084
9139
9112
9106
9106
9114
9117
9113
9085
9146
9087
9122
9112
9088
9123
9094
9116
9127
9118
9151
9090
9104
9123
9122
9091
9155
9126
9160
9127
9160
9132
9166
9136
9167
9143
9170
9142
9119
9143
9171
9144
9145
9109
9171
9123
9154
9165
9119
9164
9135
9138
9164
9141
9171
9148
9177
9186
9154
9154
9157
9189
9189
9140
9120
9146
9140
9200
9163
9164
9167
9200
9168
9201
9205
9168
9150
9156
9176
9154
9180
9166
9165
9146
9172
9180
9206
9176
9210
9182
9183
9196
9212
9190
9194
9190
9223
9224
9193
9202
9195
9200
9200
9229
9208
9230
9210
9210
9209
9172
9230
9211
9231
9186
9227
9184
9212
9232
9207
9204
9225
9229
9216
9233
9219
9217
9239
9224
9224
9224
9224
9221
9208
9215
9241
9210
9246
9226
9244
9230
9213
9225
9247
9235
9249
9240
9250
9218
9252
9240
9238
9239
9224
9212
9229
9248
9241
9243
9264
9255
9245
9245
9239
9259
9261
9247
9214
9262
9250
9254
9241
9236
9216
9245
9255
9253
9277
9259
9273
9262
9263
9276
9255
9277
9248
9271
9256
9290
9262
9262
9271
9265
9292
9273
9278
9277
9280
9298
9286
9268
9274
9313
9287
9314
9293
9316
9281
9316
9298
9299
9322
9274
9316
9307
9296
9293
9320
9307
9309
9332
9312
9338
9314
9314
9315
9340
9322
9349
9323
9349
9326
9326
9326
9294
9351
9330
9324
9326
9358
9292
9356
9308
9319
9333
9338
9346
9471
9360
9327
9353
9335
9363
9334
9337
9340
9347
9344
9345
9376
9378
9351
9353
9354
9383
9387
9362
9361
9398
9400
9366
9316
9401
9370
9368
9370
9359
9407
9365
9411
9387
9375
9376
9415
9417
9383
9400
9389
9376
9340
9429
9370
9351
9367
9396
9412
9392
9376
9402
9356
9391
9435
9408
9379
9441
9409
9441
9414
9444
9415
9399
9446
9417
9418
9446
9399
9380
9376
9402
9444
9411
9417
9419
9448
9425
9453
9456
9428
9430
9430
9457
9431
9459
9432
9460
9434
9435
9424
9430
9461
9436
9420
9437
9440
9463
9439
9444
9441
9444
9447
9468
9449
9452
9470
9472
9411
9462
9428
9456
9435
9431
9435
9467
9453
9438
9488
9462
9449
9446
9453
9459
9475
9459
9447
9462
9480
9483
9466
9471
9483
9469
9334
9425
9454
9473
9463
9463
9485
9467
9467
9477
9473
9465
9472
9473
9491
9478
9494
9480
9495
9487
9487
9500
9474
9501
9473
9488
9477
9491
9500
9504
9497
9498
9503
9494
9497
9499
9489
9489
9503
9516
9489
9507
9520
9521
9510
9522
9511
9498
9523
9485
9526
9516
9512
9517
9509
9514
9530
9510
9520
9518
9517
9528
9531
9529
9543
9518
9519
9544
9530
9534
9546
9538
9538
9539
9556
9553
9530
9553
9543
9538
9554
9518
9555
9545
9555
9546
9547
9536
9532
9551
9540
9541
9544
9546
9546
9553
9558
9556
9556
9553
9557
9560
9556
9564
9563
9559
9563
9557
9556
9567
9566
9565
9569
9569
9560
9589
9571
9570
9583
9571
9576
9570
9585
9579
9585
9577
9564
9578
9586
9593
9592
9592
9589
9564
9590
9588
9587
9581
9589
9591
9594
9594
9596
9594
9596
9596
9597
9597
9601
9605
9605
9606
9599
9609
9605
9608
9612
9608
9613
9617
9617
9614
9610
9618
9621
9619
9622
9619
9617
9620
9622
9620
9624
9623
9623
9624
9623
9625
9630
9626
9632
9633
9635
9639
9639
9636
9639
9641
9639
9641
9644
9644
9648
9644
9648
9650
9650
9670
9652
9650
9653
9654
9652
9654
9657
9661
9661
9666
9663
9664
9654
9666
9668
9669
9666
9663
9667
9670
9673
9632
9673
9680
9676
9678
9681
9672
9676
9683
9683
9682
9684
9686
9683
9686
9688
9687
9687
9688
9690
9698
9698
9698
9704
9707
9704
9689
9713
9698
9709
9706
9710
9725
9712
9717
9721
9717
9717
9709
9711
9724
9719
9718
9725
9727
9718
9722
9722
9722
9702
9714
9723
9733
9730
9735
9725
9734
9734
9731
9731
9735
9735
9735
9738
9736
9734
9737
9740
9741
9741
9740
9738
9741
9742
9742
9743
9745
9745
9744
9750
9750
9752
9750
9750
9749
9747
9749
9759
9751
9750
9751
9754
9762
9757
9751
9761
9760
9762
9765
9775
9764
9768
9767
9773
9755
9757
9772
9773
9779
9776
9780
9775
9778
9772
9769
9780
9780
9772
9785
9789
9786
9787
9789
9785
9794
9794
9795
9796
9797
9797
9802
9801
9802
9804
9803
9802
9806
9804
9806
9805
9804
9808
9808
9821
9810
9814
9816
9816
9815
9819
9820
9820
9816
9812
9820
9828
9820
9820
9823
9817
9821
9821
9822
9836
9820
9825
9836
9827
9827
9819
9829
9833
9842
9836
9833
9836
9825
9837
9837
9835
9839
9842
9824
9862
9845
9848
9856
9860
9863
9877
9861
9861
9863
9863
9865
9876
9865
9865
9872
9877
9882
9882
9874
9878
9868
9845
9881
9853
9885
9885
9886
9890
9888
9878
9890
9891
9890
9893
9888
9894
9892
9896
9893
9893
9896
9897
9896
9886
9897
9900
9923
9901
9903
9905
9909
9908
9913
9910
9909
9909
9920
9916
9922
9919
9922
9924
9914
9921
9928
9923
9923
9928
9900
9900
9925
9928
9928
9929
9928
9933
9932
9938
9938
9934
9937
9939
9939
9939
9937
9939
9941
9945
9946
9949
9948
9949
9945
9950
9953
9949
9954
9963
9957
9958
9952
9957
9963
9959
9960
9961
9963
9964
9965
9963
9981
9976
9976
9973
9974
9974
9981
9976
9977
9981
9970
9983
9964
9971
9983
9990
9989
9985
9991
9979
9990
9989
9991
9993
9988
9993
9989
9988
9995
9994
9995
9995
9996
9999
9998
9999
