Algoritma :quicksort-random10k  Süre (ms): 1.4154
0
1
1
2
7
3
1
5
7
4
21
8
20
14
7
21
12
42
21
15
58
22
86
26
27
24
24
23
31
78
65
33
32
42
43
44
90
90
44
32
53
32
45
42
45
46
47
49
49
51
49
51
50
54
49
50
55
52
59
60
57
62
62
64
62
68
63
61
65
73
65
62
75
69
66
72
82
73
75
77
70
81
76
76
81
77
80
86
89
88
86
94
93
93
95
96
97
127
98
99
106
107
110
107
110
107
102
108
109
108
106
110
113
112
113
143
118
141
123
121
137
118
119
123
125
124
124
127
124
124
127
124
127
124
131
131
141
141
141
136
141
141
137
131
138
142
148
147
143
148
154
226
142
150
149
159
160
154
145
158
162
150
151
150
156
155
154
164
152
157
159
165
172
146
171
156
157
211
175
197
165
171
190
168
171
170
168
172
172
155
172
160
182
173
176
178
184
199
178
223
180
179
181
169
206
167
182
182
200
192
160
194
195
219
231
179
179
197
178
201
178
177
201
196
212
208
220
237
228
209
214
204
213
213
234
226
224
241
228
190
230
229
231
231
246
236
249
234
199
259
238
227
199
239
246
230
279
232
245
254
260
244
259
246
258
236
261
262
265
268
278
270
273
268
275
283
275
277
274
275
276
280
275
284
277
280
292
291
275
277
294
290
303
287
292
286
292
285
299
300
286
298
290
310
353
296
295
300
298
291
311
313
287
304
359
315
670
315
331
345
300
368
286
290
329
317
337
314
317
323
318
332
332
332
317
345
324
336
329
324
321
334
318
319
332
315
307
343
349
348
338
344
365
354
358
348
326
348
352
362
304
307
354
363
359
365
364
335
366
376
370
373
371
371
375
385
404
408
375
378
379
385
383
389
395
381
381
390
386
385
390
393
394
392
395
387
394
400
391
399
400
396
394
404
397
403
400
407
402
404
404
415
405
407
397
409
413
414
417
419
401
419
419
420
415
431
426
426
432
432
437
437
428
565
447
446
438
434
439
439
440
440
440
441
444
453
442
458
450
444
448
464
444
447
450
453
445
452
461
456
455
448
509
447
474
457
464
458
485
464
451
451
482
472
465
490
468
468
468
471
476
476
457
478
475
483
469
472
472
479
486
464
468
481
553
483
506
473
507
503
492
471
511
475
471
492
502
508
509
511
498
499
513
515
496
514
500
493
508
498
518
505
511
508
493
510
531
520
527
513
521
514
503
520
533
491
499
532
539
521
540
521
542
528
528
549
482
531
534
554
532
522
536
578
512
542
539
538
537
570
537
555
540
524
566
541
542
571
543
543
543
541
549
568
530
555
551
553
585
553
576
527
558
517
545
577
586
558
564
566
541
568
567
573
617
600
494
535
561
585
561
606
616
586
588
586
610
586
586
586
598
588
587
615
576
599
595
594
609
601
605
633
622
637
634
620
619
617
774
610
645
619
621
621
624
622
635
621
632
650
648
628
632
646
624
632
634
636
639
637
623
624
651
633
602
640
644
641
657
660
652
646
657
659
658
671
663
664
667
649
665
665
687
665
667
668
680
673
675
673
678
675
959
674
676
680
676
686
684
681
752
672
667
694
693
713
699
693
691
704
699
691
698
695
695
694
702
725
738
700
708
704
722
703
716
714
712
722
717
710
704
716
695
703
714
723
716
700
728
708
729
718
731
721
709
723
757
719
733
730
727
707
760
728
730
722
725
732
732
731
741
741
718
708
738
753
762
740
750
746
776
765
755
755
739
763
742
747
756
757
758
761
769
760
761
763
790
696
762
762
772
794
774
766
769
767
765
767
770
782
790
760
798
781
801
761
783
785
798
816
799
803
774
804
760
772
805
793
794
782
843
790
810
801
822
801
820
804
804
835
815
798
799
813
860
812
811
828
826
790
792
834
925
814
819
933
822
822
1034
814
837
806
841
850
827
824
827
767
822
838
845
856
831
869
816
834
853
842
842
831
879
856
810
796
865
853
857
867
830
868
871
890
851
872
874
870
824
824
864
894
832
875
956
864
866
898
853
856
867
867
871
863
855
877
841
871
873
900
892
979
921
900
874
912
881
881
869
906
885
884
870
968
882
908
852
923
870
886
869
890
889
885
897
914
898
970
969
928
880
932
957
1170
931
937
897
903
901
942
874
921
866
903
935
945
911
969
940
950
926
926
940
948
949
927
840
932
1018
968
819
812
929
929
1060
860
942
933
940
903
969
1399
981
1000
922
975
944
947
974
915
951
952
927
998
1005
988
930
1121
965
1020
983
969
985
943
905
946
969
1088
1269
976
943
983
1000
970
1045
971
948
975
976
976
982
1010
1012
978
899
979
978
1127
981
981
1018
1018
1021
989
989
850
1108
1026
1022
1038
984
989
994
1072
970
981
925
907
997
999
1038
1015
971
973
1003
1186
951
1671
1048
1014
1009
983
1011
1017
1018
1018
1148
1059
1021
882
907
1047
1051
1025
1062
958
1027
1137
1078
983
988
1034
1028
1038
1027
1030
1029
1030
1027
1028
1074
1027
1144
1146
982
1043
1082
995
1107
1088
1092
1348
1043
1000
1096
1002
1002
1052
1064
969
1048
1052
1056
1055
1055
1056
1019
1072
987
962
1246
1063
1112
1062
1100
1152
1079
1116
1060
1077
1119
1074
838
1119
1066
1065
1066
1071
1069
1134
1086
1043
1044
1084
982
1087
1134
1087
1042
1088
1086
1086
1087
1088
1142
1078
1148
1099
1046
995
1132
1091
1112
1207
1151
1162
1099
1096
1109
1097
1110
1112
1098
1093
1218
1156
1113
1063
1125
1065
1087
1164
1413
1125
1114
1065
1120
1117
1115
1115
1118
1122
1179
906
1121
1396
1119
1124
1191
1126
1125
931
1130
1015
1189
1192
1127
1197
1141
1196
1113
1142
1199
1137
1144
1208
1314
1145
1406
1054
1092
1307
1214
1211
1203
1113
1159
1151
1216
1266
1158
1231
1113
1167
1230
1168
1169
1113
1211
1121
1171
1174
1185
1223
1322
1231
1240
1180
1186
1491
1213
1043
1346
1187
1257
1138
1197
1194
1080
1043
1147
1297
1193
1193
1194
1195
1324
1253
1203
1200
1065
1308
1264
1210
1260
1147
1264
1153
1321
1216
1216
1271
1252
1273
1228
1192
1291
1096
1219
1220
1222
1275
1280
1277
1233
1180
1232
1281
1233
1242
1287
1234
1238
1239
1239
1081
1258
1024
1025
1302
1250
1245
1247
1255
1305
1253
1250
1304
1195
1296
1259
1310
1212
1151
1124
1211
1317
1260
1262
1383
1262
1329
1213
1321
1327
1189
1367
1524
996
1327
1271
1398
1272
1273
1337
1236
1163
1276
1279
1280
1280
1280
1280
1279
1274
1329
1287
1246
1342
1281
1418
1354
1259
1281
1424
1286
1420
1352
1294
1304
1300
1583
1296
1249
1251
1300
1355
1254
1298
1356
1285
1427
1375
1307
1376
1282
1308
1307
1370
1309
1335
1373
1263
1204
1271
1443
1314
1385
1262
1384
1217
1389
1320
1322
1389
1323
1325
1330
1548
1329
1400
1404
1324
1340
1282
1330
1399
1396
1332
1410
1335
1354
1403
1343
1346
1415
1354
1234
1414
1418
1346
1354
1423
1354
1348
1348
1421
1586
1439
1366
1209
1504
1327
1254
1297
1305
1520
1364
1356
1367
1367
1472
1305
1372
1532
1444
1372
1373
1376
1378
1379
1365
1380
1319
1317
1381
1379
1447
1385
1311
1323
1385
1323
1387
1388
1461
1459
1392
1445
1385
1394
1308
1442
1232
985
1265
1468
1477
1478
1395
1489
1402
969
961
1404
1400
1383
1478
1407
1407
1332
1494
1353
1412
1411
1425
1501
1368
1431
1435
1170
1180
1301
1413
1603
1417
1505
1425
1354
1437
1349
1260
1420
1504
1513
1601
1288
1435
1515
1513
1438
1433
1426
1526
1435
1456
1531
1329
1396
1441
1498
1390
1389
1521
1534
1448
1453
1535
1717
1455
1447
1461
1463
1460
1542
1464
1526
1478
1544
1343
1547
1549
1554
1183
1118
1478
1476
1475
1551
1485
1552
1461
1484
1643
1485
1485
1405
1558
1489
1487
1237
1551
1472
1585
1571
1416
1582
1502
1497
1494
1494
1497
1514
1510
1663
1500
1429
1590
1432
1505
1591
1511
1505
1506
1512
1506
1513
1355
1512
1597
1512
1510
1514
1597
1502
1599
1516
1604
1604
1534
1434
1665
1658
1309
1706
1530
1539
1325
1392
1527
1443
1537
1617
1610
1797
1918
1532
1655
1623
1380
1634
2190
1542
1464
1553
1551
1396
1636
1474
1560
1480
1635
1549
1554
1562
1655
1646
1563
1734
1556
1558
1562
1565
1562
1563
1741
1491
1653
1045
1656
1369
1567
1738
1568
1574
1814
1583
1665
1572
1414
1574
1573
1579
1683
1672
1675
1438
1774
1588
1511
1585
1592
1597
1595
1590
1599
1691
1516
1513
1598
1601
1599
1513
1605
1673
1502
1693
1605
1605
1694
1663
1647
1484
1612
1484
1544
1466
1701
1717
1614
1620
1719
1621
1690
1780
1546
1635
1622
1622
1714
1798
1709
1628
1439
1628
1628
1635
1667
1636
1727
1640
1650
1737
1442
1657
1485
1698
1561
1643
1644
1738
1727
1650
1942
1643
1644
1656
1653
1625
1545
1907
1657
1659
1757
1580
1803
1583
1359
1150
1613
1609
1632
1665
1614
1671
1669
1764
1602
1516
1745
1045
1089
1671
1675
1505
1675
1775
1780
1597
1684
1678
1685
1784
1692
1691
1692
1693
1517
1695
1697
1698
1606
1702
1705
1616
1707
1612
1522
1798
1865
1803
1626
1717
1536
1535
1808
1719
1725
1720
1808
1726
1812
1804
1726
1830
1730
1729
1748
1646
1550
1489
1733
1736
1762
1822
1829
1660
1746
1653
1738
1755
1847
1649
1748
1745
1834
1745
1655
1753
1680
1761
1764
1751
1875
1767
1766
1774
1902
1672
1675
1906
1776
1776
1905
1852
1764
1719
1784
1855
1868
1873
1796
1792
1796
1798
1865
1781
1866
1826
1718
1862
1820
1803
1805
1729
1866
1803
1723
1875
1807
1639
1873
1841
1582
1882
1822
1881
1833
1836
1885
1873
1889
1895
1895
1829
1817
1833
1832
1834
1845
1823
1877
1850
1902
1673
1912
1845
1998
1903
1856
1856
1711
1915
1852
1856
1853
1712
2063
1857
1546
1924
1622
1549
1929
1858
1918
1863
1796
1866
1873
1927
2038
1873
1869
1804
1932
1656
1932
1743
2307
1809
1879
1813
1929
1882
1873
1873
1874
1876
1810
1881
1954
1882
1873
1884
1884
1888
1887
2347
1896
2024
1822
1829
2185
1899
1968
1898
1891
1894
1901
1901
2029
1904
1845
1979
1901
1901
1913
1848
1775
1849
1976
1916
1921
2107
1983
1910
1858
1915
1985
1980
1995
2025
1994
1873
1923
1928
2062
1996
1934
1937
2011
1935
1933
1933
2016
2013
1935
1936
1941
1945
1741
1741
1947
1841
1945
1950
2018
1941
1950
1951
2022
1956
1968
2024
2010
2018
2084
1952
1963
2049
2028
1968
1963
2045
1974
1845
1976
1972
1977
1975
2032
2043
1864
1796
2145
1981
2548
1914
1988
1987
1877
1990
1623
1532
1918
2056
1989
1991
1995
2055
2070
1996
2064
1855
1851
1294
1997
1996
2032
2059
2063
1949
2121
2006
2072
1739
2074
2004
2075
2012
2078
2012
2019
2015
2019
2086
1889
2648
1990
1990
1958
2083
2090
1969
1961
1822
2038
2094
2097
2099
2039
2033
2043
2040
2080
2053
2101
2050
2162
2054
2067
1995
2058
2054
2054
2107
2068
2068
2061
2109
2069
2003
2103
2090
2008
2007
2125
2073
2073
2230
2087
1956
2023
1748
2126
2126
2600
2076
2135
2178
2365
2138
2089
2098
1981
2095
2199
2193
2472
2209
2146
2091
2098
2097
1921
2101
2091
2143
2157
2105
2105
2101
2104
2163
2164
2052
2113
2014
2077
2172
2119
1989
2171
2114
2117
2117
2118
2160
2125
2071
2073
2185
2130
2128
2133
2132
2187
2131
2186
2545
2135
2236
2134
2137
2194
1961
2232
2140
2140
2137
2197
2150
2040
2204
2141
2207
2043
2141
2090
2094
2149
2155
2212
2212
2216
2096
2160
2219
2098
2157
2158
2215
2217
2222
2113
2225
2161
2107
2118
2107
2168
2176
2275
2300
2169
2175
2186
1937
2125
2443
2138
2242
2184
1890
2180
2243
2184
2246
2250
2188
2184
2303
2191
2252
2201
2199
2401
2146
1955
2079
2197
2308
2145
2145
2202
2146
2208
2264
2203
2156
2214
2268
2216
2211
2212
2339
2282
2216
2157
2220
2213
2213
2220
2281
2221
2159
2325
2222
2121
2254
2171
2168
2194
2294
2224
2226
2227
2244
1916
2361
2482
2295
2322
2236
2301
2135
2234
2240
2242
2322
2237
2246
2245
2310
1999
2316
2247
2307
2252
2242
2256
2399
2277
2329
2258
2208
2219
2267
2148
2091
2209
2333
2269
2268
2337
2270
2269
2272
2274
2344
2338
2267
2275
2280
2345
2275
2281
2220
2275
2356
2284
2291
2286
2313
2356
2237
2231
2349
2384
2292
2299
2352
2361
2295
2492
2299
2432
2300
2308
2302
2195
2370
2234
2320
2420
2439
2518
2377
2303
2467
2301
2312
2316
2314
2380
2384
2337
2323
2266
2260
2326
2395
2330
2325
2399
2326
2335
2393
2331
2267
2400
2393
2412
2345
2275
2274
2338
2399
2351
2339
2292
2350
2348
2408
2340
2286
2409
2472
2348
2351
2353
2424
2423
2362
1629
2424
2298
2299
2361
2360
2361
2362
2364
2433
2433
2434
2139
2504
2428
2370
2440
2381
2025
2375
2443
2376
2499
2384
2383
2442
2318
2446
2244
2520
2454
2458
2402
2282
2343
2390
2285
2393
2529
2410
2392
2404
2299
2299
2455
2396
2330
2471
2471
2416
2255
2478
2405
2476
2408
2426
1957
1956
2415
2445
2359
2418
2418
2486
2421
2417
2423
2431
2373
2490
2171
2425
2496
2500
2433
2434
2434
2366
2444
2508
2374
2514
2180
2437
2438
2444
2437
2370
2448
2238
2376
2439
2517
2447
2499
2586
2493
2586
2450
2452
2452
2385
2524
2406
2387
2357
2532
2453
2385
2526
2456
2536
2469
2378
2250
2471
2470
2470
2394
2526
2246
2128
2299
2475
2147
2045
2481
2474
2546
2476
2576
2555
2482
2480
2476
2485
2926
2486
2484
2486
2416
2678
2375
2567
2641
2492
2363
2574
2495
2365
2502
2510
2572
2450
2513
2441
2514
2591
2509
2517
2510
2516
2515
2517
2583
2542
2460
2598
2519
2461
2520
2695
2522
2525
2524
2561
2529
2653
2527
2598
2531
2411
2533
2534
2606
2536
2609
2452
2451
2595
2615
2564
2608
1983
2544
2548
2548
2679
2629
2546
2551
2552
2567
2320
2553
2554
2629
2482
2475
2555
2554
2561
2555
2632
2691
2632
2566
2446
2638
2569
2570
2581
2571
2772
2503
2713
2575
2570
2643
2580
2655
2375
2657
2585
2662
2586
2592
2590
2522
2671
2722
2600
2600
2669
2462
2607
2540
2603
2674
2607
2609
2676
2603
2623
2612
2706
2744
2613
2415
2683
2616
2655
2686
2686
2635
2188
2707
2621
2806
2621
2627
2575
2635
2555
2631
2636
2702
2637
2637
2643
2567
2566
2650
2725
2710
2651
2643
2708
2657
2584
2505
2651
2664
2135
2723
2600
2656
2655
2657
2718
2655
2587
2870
2664
2737
2663
2541
2666
2602
2766
2669
2724
2610
2931
2727
2671
2609
2739
2736
2437
2746
2614
2478
2680
2752
2682
2626
2684
2689
2785
2682
2630
2705
2749
2695
2761
2695
2624
2698
2757
2693
2704
2699
2768
2700
2710
2707
2519
2742
2777
2086
2081
2777
2652
2779
2662
2594
2741
2768
2777
2790
2717
2835
2726
2726
2727
2660
2839
2962
2668
2720
2739
2799
2620
2548
2747
2743
2684
2755
2756
2744
2879
2594
2806
2758
2762
2758
2825
2758
2763
2766
2958
2706
2699
2737
2722
6377
2732
2766
2768
2768
2810
2811
2863
2781
2775
2781
2725
2782
2782
2790
2665
2850
2838
2734
2787
2881
2767
2807
2838
2685
2785
2783
2646
2795
2791
2795
2798
2799
2798
2854
2803
2854
2808
2637
2890
2762
2810
2810
2848
2895
2824
2865
2777
2824
2827
2881
2835
2835
2826
2828
2436
2852
2876
2728
2757
2870
2886
2836
2925
2842
2842
2848
2848
2813
2888
2848
2855
2967
2800
2855
2892
2898
2896
2808
2870
2826
2826
2899
3064
2897
2863
2868
2909
2752
2871
2909
2910
2913
2876
2958
2873
2879
2888
2869
2880
2921
2790
2916
2882
2890
2889
2911
2926
2847
2897
3083
2562
2990
2894
2894
2935
2862
2906
2863
2811
2931
2958
2902
2896
2903
2901
2953
2816
2906
2956
2725
2839
2882
2906
2955
2909
2907
2907
2910
2982
2951
2959
2883
2853
2804
2911
2916
2915
2970
2916
2919
2973
2794
2885
2965
2923
2925
2926
2926
2927
2559
2858
2926
2991
2984
2985
2991
2939
2934
2894
2897
2948
2995
2941
2940
2949
2945
3000
2892
3682
3012
2999
2906
2961
2978
2984
2919
2902
2963
3062
2973
2970
3010
2976
3039
2913
3017
2835
3007
3022
2929
2791
3006
2984
3022
3081
3035
2894
2987
2985
2985
3025
3074
2865
3000
2996
2999
3002
3001
2891
3004
3005
3021
3011
2915
2951
2999
3008
3047
3010
2921
3016
3049
3023
3018
3094
2856
3056
3053
2931
3025
3051
3025
3039
3076
3067
2960
3164
3027
3027
3027
3028
3029
3030
3029
3077
3034
3030
3075
3079
3034
3035
3066
3006
3082
3062
3094
3095
3032
3090
3072
3048
3042
3043
3141
3126
3047
3043
3050
3098
2929
3146
3102
3038
3106
3054
3156
3060
3106
3063
3069
3109
3026
3063
3113
3043
3031
3213
3205
3075
3074
3064
3061
3079
3078
3031
3085
3126
3031
3024
3025
3084
3120
3088
3117
3254
3062
3100
3070
3050
3041
3088
3134
3186
3094
3054
3133
3148
3096
3098
3100
3146
3060
3055
3103
3101
3160
3164
3107
3106
3104
3111
3110
3110
3108
3166
3166
3165
2992
3171
3113
3116
3111
3173
3085
3085
3156
3098
3179
3131
3140
3086
2983
3181
3042
3139
3093
3155
3194
3196
3145
3057
3275
3006
3099
3038
3100
3252
3150
3107
3158
3105
3015
3157
3199
3156
3160
3175
3066
3066
3209
3348
3170
3199
3222
3170
3168
3221
3170
3208
3133
3176
3222
3177
3222
3223
3186
3226
3230
3200
3184
3204
3158
3192
3142
3131
3186
3196
3273
3187
3193
3238
3220
3188
3142
3200
3196
3206
3226
3171
3165
3237
3210
3243
3186
3263
3209
3212
3220
3214
3116
3066
3273
3134
3263
3134
3233
3257
3285
3273
3224
3182
3235
3232
3319
3292
3292
3241
3240
3190
3215
3246
3242
3246
3243
3324
3244
3209
3286
3196
3203
3293
3098
3281
3307
3262
3263
3216
3225
3168
3261
3266
3267
3290
3226
3227
3270
3268
3303
3276
3275
3309
3236
3285
3313
3191
3274
3285
3334
3293
3336
3284
3334
3293
3352
3329
3326
3293
3345
3293
3320
3297
3310
3327
3301
3333
3311
3191
3317
3313
3316
3317
3319
3349
3315
3318
3342
3347
3347
3248
3321
3352
3254
3354
3359
3416
3325
3301
3330
3339
3368
3317
3332
3337
3348
3317
3343
3261
3583
3366
3345
3370
3348
3346
3346
3348
3250
3351
3310
3358
3350
3320
3427
3353
3323
3293
3382
3353
3412
3354
3317
3357
3362
3361
3567
3394
3327
3359
3327
3401
3359
3346
3500
3370
3543
3409
3372
3380
3378
3378
3463
3408
3385
3410
3414
3455
3353
3394
3476
3419
3394
3393
3391
3387
3391
3399
3429
3375
3408
3367
3427
3370
3424
3439
3432
3404
3452
3480
3420
3387
3366
3413
3384
3421
3414
3391
3449
3413
3417
3417
3447
3451
3418
3490
3493
3381
3454
3425
3458
3218
3440
3354
3388
3470
3458
3433
3432
3434
3465
3445
3436
3482
3441
3439
3405
3447
3442
3514
3436
3451
3436
3448
3524
3449
3446
3480
3481
3489
3468
3478
3385
3447
3435
3452
3498
3453
3453
3454
3533
3455
3500
3501
3504
3388
3459
3385
3457
3409
3461
3508
3467
3465
3605
3557
3514
3445
3475
3417
3476
3525
3413
3478
3478
3488
3478
3518
3487
3436
3441
3484
3485
3482
3488
3486
3450
3534
3468
3460
3556
3494
3453
3453
3498
3508
3544
3414
3549
3499
3508
3501
3588
3504
3507
3509
3536
3487
3552
3423
3560
3518
3517
3491
3565
3554
3476
3513
3565
3521
3501
3519
3525
3561
3534
3575
3445
3576
3575
3530
3522
3655
3536
3537
3593
3398
3587
3511
3539
3555
3403
3586
3589
3545
3594
3501
3548
3553
3555
3562
3556
3512
3470
3562
3559
3476
3563
3822
3663
3591
3610
3528
3570
3610
3613
3481
3576
3687
3572
3571
3574
3618
3739
3610
3576
3575
3581
3523
3582
3367
3623
3693
3605
3549
3549
3619
3548
3591
3632
3589
3594
3604
3649
3570
3637
3570
3581
3634
3655
3606
3528
3646
3611
3611
3610
3652
3572
3698
3693
3618
3614
3614
3614
3534
3632
3542
3663
3574
3519
3664
3620
3624
3627
3401
3627
3632
3642
3777
3607
3677
3666
3635
3635
3609
3721
3641
3641
3643
3644
3645
3652
3610
3684
3611
3649
3660
3693
3661
3657
3652
3701
3654
3784
3809
3701
3702
3737
3671
3633
3674
3673
3634
3676
3746
3606
3677
3718
3681
3681
3641
3685
3722
3679
3711
3718
3719
3650
3688
3664
3723
3696
3698
3578
3525
3718
3697
3765
3731
3730
3700
3786
3737
3774
3714
3680
3713
3741
3703
3742
3648
3714
3714
3725
3689
3758
3721
3681
3709
3722
3722
3729
3726
3685
3731
3628
3697
3731
3732
3765
3733
3789
3628
3741
3703
3707
3765
3799
3745
3674
3743
3739
3789
3760
3710
3780
3751
3760
3760
3779
3772
3733
3734
3791
3772
3793
3779
3735
3791
3843
3813
3619
3633
3803
3780
3675
3775
3778
3785
3710
3801
3785
3787
3810
3778
3781
3767
3813
3791
3738
3796
3737
3702
3794
3794
3816
3782
3773
3822
3800
3806
3827
3809
3700
3511
3819
3823
3779
3817
3796
3832
3813
3813
3821
3836
3841
3852
3842
3844
3917
3795
3824
3827
3826
3832
3851
3836
3836
3833
3829
3817
3882
3832
3838
3865
3817
3841
3885
3842
3867
3795
3870
3833
3844
3877
3849
3844
3827
3845
3886
3804
3868
3872
3856
3878
3849
3903
3883
3860
3837
3890
3875
3861
3911
3850
3865
3865
3875
3891
3876
3852
3880
3857
4231
3880
3883
3881
3895
3895
3888
3840
3923
3890
3905
3851
3936
3894
3918
3824
3900
3916
3916
3897
3904
3896
3897
3884
3926
3875
3845
3926
3863
3928
3932
3922
3894
3909
3911
3894
3967
3985
3913
3915
3906
3916
3845
3917
3857
3922
3938
3941
3905
3929
3926
3905
3950
3967
3928
3954
3909
3934
3976
3964
3929
3932
3889
3938
3939
3939
3965
3940
3999
3946
3946
3946
3969
3907
3950
3950
3926
3947
3951
3956
4008
3931
3928
3983
3981
3935
3985
3970
3989
3957
3958
3935
3972
4023
3954
3965
3969
3987
3965
3998
3969
3967
3965
3965
4005
3968
3942
3973
3982
3979
3956
4011
3983
3983
4021
3980
3981
3984
3985
3991
3987
3911
4022
3987
3988
3993
4029
3995
3992
3952
4000
3935
4056
3956
3998
4003
3944
4004
4003
4003
4042
4018
3910
4027
4033
4047
4010
4008
4010
4049
4014
4076
4016
4026
3992
4054
4033
3971
4032
4059
4084
4038
4042
4032
4032
4064
4044
4071
4043
3979
4047
3989
4044
4008
4048
4050
4054
3995
4076
4082
4031
4069
4097
4032
4071
4083
4063
4066
4039
4097
4064
4066
4064
4083
4032
4072
4058
4050
4013
4077
4077
4080
4078
4066
4082
4113
4059
4025
4094
4087
4092
4102
4103
4095
4109
4099
4092
4117
4104
4104
4105
4106
4123
4117
4130
4116
4115
4123
4113
4121
4127
4133
4129
4117
4134
4123
4135
4132
4135
4135
4116
4137
4137
4143
4155
4146
4166
4142
4150
4145
4144
4150
4148
4156
4155
4147
4159
4144
4155
4160
4143
4156
4161
4152
4156
4152
4158
4168
4161
4167
4167
4145
4165
4180
4169
4169
4167
4168
4180
4179
4170
4174
4178
4182
4170
4182
4196
4172
4205
4182
4185
4183
4187
4197
4208
4195
4198
4191
4194
4162
4187
4189
4188
4194
4187
4187
4208
4194
4197
4204
4200
4188
4210
4187
4192
4206
4218
4209
4211
4211
4204
4227
4235
4214
4226
4223
4229
4218
4215
4216
4227
4224
4224
4225
4226
4227
4227
4239
4229
4225
4214
4232
4236
4321
4221
4204
4246
4246
4251
4233
4316
4239
4259
4245
4243
4241
4251
4255
4247
4248
4259
4259
4253
4259
4266
4258
4308
4275
4252
4265
4265
4289
4263
4263
4272
4275
4278
4281
4276
4280
4282
4287
4279
4285
4288
4285
4285
4289
4285
4282
4283
4286
4301
4291
4291
4295
4301
4292
4326
4296
4299
4309
4293
4303
4303
4305
4311
4306
4305
4311
4312
4321
4318
4316
4320
4324
4450
4323
4422
4332
4441
4324
4326
4318
4326
4325
4336
4326
4329
4327
4330
4331
4332
4330
4327
4330
4330
4332
4331
4327
4339
4334
4336
4336
4341
4341
4339
4339
4347
4343
4337
4347
4358
4339
4353
4347
4345
4359
4351
4356
4353
4375
4360
4393
4367
4363
4361
4359
4362
4363
4362
4376
4375
4368
4367
4405
4377
4364
4375
4366
4380
4383
4360
4372
4369
4369
4403
4387
4360
4372
4391
4392
4374
4397
4392
4366
4384
4386
4400
4362
4378
4384
4389
4404
4417
4385
4437
4422
4399
4403
4362
4409
4397
4399
4399
4406
4379
4390
4404
4403
4419
4404
4402
4428
4408
4419
4410
4377
4419
4431
4413
4414
4422
4437
4404
4433
4434
4422
4437
4510
4431
4431
4459
4487
4431
4432
4416
4434
4452
4437
4413
4466
4436
4458
4446
4446
4432
4419
4440
4374
4461
4437
4438
4438
4478
4438
4465
4448
4435
4471
4444
4450
4471
4432
4444
4611
4475
4456
4463
4481
4441
4439
4459
4488
4463
4465
4465
4460
4485
4608
4494
4466
4450
4452
4468
4470
4471
4469
4471
4445
4495
4361
4502
4501
4475
4475
4451
4482
4463
4461
4492
4510
4485
4548
4493
4484
4482
4485
4492
4454
4490
4546
4496
4499
4499
4494
4518
4508
4501
4478
4474
4523
4438
4442
4558
4527
4438
4537
4537
4512
4513
4540
4541
4515
4513
4525
4513
4561
4530
4536
4551
4540
4557
4512
4536
4515
4539
4540
4481
4544
4541
4576
4547
4565
4570
4512
4536
4553
4549
4534
4552
4567
4533
4518
4577
4520
4489
4562
4572
4577
4580
4563
4562
4575
4563
4575
4568
4586
4570
4574
4587
4561
4560
4557
4578
4589
4588
4583
4595
4650
4586
4578
4603
4563
4600
4723
4594
4616
4579
4588
4580
4602
4611
4601
4601
4589
4591
4606
4597
4588
4636
4604
4733
4646
4605
4625
4595
4611
4629
4615
4626
4631
4632
4646
4627
4624
4635
4630
4623
4671
4627
4643
4628
4624
4643
4642
4637
4621
4654
4666
4608
4645
4627
4619
4635
4616
4644
4640
4657
4631
4645
4668
4622
4665
4646
4662
4657
4665
4655
4677
4653
4657
4664
4676
4628
4722
4648
4686
4674
4679
4671
4675
4662
4659
4676
4683
4674
4691
4687
4645
4686
4706
4635
4696
4680
4672
4678
4684
4694
4699
4706
4752
4668
4677
4687
4688
4689
4701
4695
4690
4710
4667
4683
4692
4690
4693
4697
4696
4682
4703
4735
4700
4720
4701
4707
4690
4714
4728
4676
4745
4709
4712
4731
4604
4753
4718
4733
4721
4698
4719
4738
4742
4604
4709
4674
4721
4715
4726
4731
4728
4747
4726
4735
4621
4720
4719
4718
4761
4738
4755
4782
4728
4765
4746
4749
4751
4763
4740
4738
4760
4759
4728
4760
4761
4774
4756
4763
4769
4775
4760
4798
4773
4788
4787
4776
4775
4786
4766
4791
4778
4842
4793
4780
4806
4793
4791
4785
4810
4776
4789
4790
4759
4800
4838
4777
4790
4793
4787
4794
4813
4794
4813
4799
4888
4812
4773
4813
4801
4815
4787
4806
4877
4821
4794
4878
4816
4806
4809
4811
4824
4835
4808
4850
4817
4823
4834
4824
4789
4825
4836
4839
4824
4802
4841
4873
4821
4819
4823
4833
4829
4833
4846
4832
4834
4830
4853
4796
4867
4802
4817
4839
4806
4871
4862
4862
4792
4843
4866
4828
4885
4837
4855
4854
4847
4854
4875
4856
4857
4890
4878
4863
4789
4864
4872
4884
4887
4892
4874
4874
4892
4887
4813
4882
4894
4823
4806
4883
4880
4831
4892
4874
4868
4884
4890
4902
4890
4895
4906
4909
4888
4912
4893
4895
4909
4924
4903
4900
4903
4902
4924
4912
4820
4862
4905
4906
4904
4935
4909
4907
4907
4911
4896
4909
4900
4914
4913
4931
4917
4942
4917
4914
4920
4918
4889
4956
4915
4937
4930
4892
4928
4925
4933
4951
4956
4937
4957
4943
4952
4996
4951
4944
4959
4953
4954
4941
4956
4974
4954
4983
4957
4948
4958
4963
4969
4973
4917
5074
4960
4972
4980
4965
4943
4960
4968
4983
4965
4987
4973
5017
4965
4989
4978
4973
4977
4993
4984
4996
4999
4973
4984
4995
4990
5013
4992
5043
5015
4957
4967
4997
5007
4993
4995
5014
4995
5035
4957
4985
4997
4996
5023
5000
5020
5003
5004
5021
5014
5008
4995
5028
5010
5008
5012
5013
5011
4995
5017
5030
4998
5021
5020
5020
5018
5036
5023
5053
5004
5043
5001
4989
5018
5027
5046
5035
5065
5041
5063
5042
5049
5050
5044
5021
5127
5041
5051
5050
5053
5003
4965
5064
5066
5057
5054
5078
5065
5059
5059
5058
5064
5066
5083
5067
5070
5070
5100
5077
5086
5079
5074
5073
5080
5096
5091
5084
5095
5071
5052
5091
5090
5089
5098
5093
5111
5096
5098
5103
5098
5099
5106
5092
5106
5103
5106
5111
5098
5119
5159
5100
5094
5113
5118
5134
5139
5133
5114
5118
5113
5131
5113
5111
5134
5129
5129
5123
5121
5129
5132
5130
5133
5134
5123
5144
5137
5146
5146
5144
5144
5145
5157
5148
5153
5153
5163
5159
5161
5167
5173
5166
5180
5179
5165
5153
5167
5177
5174
5169
8203
5176
8500
9351
5178
5182
5181
5179
5216
9553
5168
5187
5175
5176
5183
5180
5183
5186
5186
5184
5185
5186
5185
5187
5190
5193
5197
5198
5206
5204
5197
5201
5200
5204
5259
5262
5207
5199
5210
5275
5207
5212
5223
5254
5224
5216
5205
5219
5233
5224
5278
5238
5223
5218
5254
5225
5224
5231
5225
5240
5226
5240
5230
5244
5234
5235
5259
5225
5229
5253
5243
5247
5232
5254
5236
5245
5278
5279
5255
5272
5255
5259
5920
5267
5257
5256
5256
5350
5273
7009
5254
5273
5269
5320
5256
5261
5279
5285
5283
5280
5301
5281
5283
5314
5311
5289
5293
5309
5294
5309
5309
5296
5313
5282
5335
5299
5283
5305
5297
5280
5308
5295
5291
5313
5304
5324
5322
5312
5288
5313
5313
5336
5318
5321
5361
5319
5347
5309
5323
5325
5310
5323
5313
5341
5306
5329
5323
5327
5331
5328
5344
5334
5387
5371
5316
5336
5287
5339
5337
5318
5346
5345
5340
5340
5371
5345
5345
5404
5409
5323
5398
5324
5335
5347
5375
5343
5349
5336
5354
5347
5347
5352
5353
5356
5357
5355
5365
5356
5352
5354
5353
5352
5357
5350
5359
5360
5365
5361
5364
5363
5362
5361
5365
5369
5390
5367
5366
5374
5370
5370
5372
5372
5384
5378
5377
5379
5382
5379
5385
5381
5395
5385
5385
5387
5389
5389
5394
5409
5396
5401
5403
5396
5401
5402
5411
5404
5399
5397
5402
5403
5411
5407
5410
5418
5415
5419
5409
5417
5885
5525
5419
5424
5420
5421
5420
5423
5424
5421
5428
5429
5422
5429
5426
5434
5431
5440
5428
5435
5442
5441
5445
5432
5439
5439
5448
5441
5444
5444
5445
5451
5451
5449
5452
5454
5458
5458
5451
5455
5465
5460
5462
5470
5467
5466
5483
5471
5480
5473
5457
5480
5471
5501
5473
5472
5479
5521
5479
5482
5471
5474
5472
5491
5494
5485
5516
5508
5491
5490
5497
5495
5497
5485
5491
5513
5492
5488
5503
5521
5498
5812
5512
5597
5509
5954
5505
5514
5515
5559
5580
5933
5522
5504
5499
5494
5514
5510
5513
5523
5529
5524
5536
5528
5525
5529
5553
5528
5523
5730
5534
5719
5539
5538
5592
5690
5532
5541
5551
5529
5548
5540
5549
5622
5542
5550
5546
5561
5540
5546
5544
5552
5552
5553
5553
5555
5566
5553
5563
5571
5554
5559
5556
5560
5568
5565
5572
5570
5561
5561
5570
5562
5567
5570
5600
5574
5584
5576
5597
5619
5580
5578
5562
5561
5582
5585
5589
5595
5584
5617
5615
5565
5569
5586
5586
5597
5589
5591
5606
5598
5600
5600
5618
5600
5613
5609
5614
5741
5598
5611
5615
5593
5653
5733
5619
5622
5710
5632
5617
5630
5625
5622
5623
5635
5653
5618
5645
5624
5630
5642
5630
5627
5625
5652
5660
5630
5638
5643
5629
5678
5641
5666
5713
5657
5631
5725
5639
5751
5665
5666
5715
5668
5727
5633
5676
5636
5659
5710
5674
5652
5646
5672
5734
5680
5732
5691
5711
5679
5684
5682
5682
5700
5754
5685
5696
5686
5720
5692
5692
5699
5696
5727
5709
5692
5682
5741
5696
5747
5740
5707
5689
5682
5797
5713
5702
5746
5806
5729
5710
5743
5741
5714
5711
5726
5728
5790
5780
5733
5767
5748
5751
5789
5787
5752
5813
5730
5758
5767
5725
5717
5758
5786
5734
5715
5797
5743
5757
5787
5754
5756
5781
5759
5806
5734
5763
5764
5799
5725
5797
5754
5754
5785
5786
5764
5797
5811
5802
5768
5773
5772
5787
5781
5781
5764
5954
5783
5921
5785
5907
5786
5784
5773
5839
5798
5766
5766
5797
5786
5786
5896
5798
5799
5790
5797
5952
5776
5847
5807
5805
5806
5969
5802
5810
5807
5791
5921
5883
5761
5767
5968
5813
5796
5819
5797
5830
5811
5808
5822
5849
5755
5784
5824
5850
5815
5854
5825
5817
5816
5831
5861
5827
5828
5869
5832
5843
5833
5974
5839
5816
5833
5901
5814
5834
5841
5813
5837
5880
5838
5860
5839
5987
5896
5844
5858
5860
5955
5861
5865
5924
5865
5826
5974
5834
5839
5860
5841
5881
5850
5889
5855
5869
5924
5923
5869
5912
5873
5872
5986
5884
5876
5881
5920
5870
5863
5888
5958
5891
5979
5957
5847
5873
5886
5927
5892
5874
5923
5894
5920
5896
5900
5914
5941
5935
5904
5909
5912
5904
5904
5907
5933
5914
5911
5949
5946
5892
5911
5924
5929
5881
5924
5896
5908
5958
5915
5927
5921
5925
5989
5983
5904
5979
5940
5936
5936
5943
5937
5939
5961
5933
5914
5957
5948
5946
5911
5946
5973
5970
5928
5919
5971
5952
5955
5930
5957
5951
6619
5952
5941
5950
5954
6589
5954
6191
5958
5969
5952
5960
6512
6449
5971
5973
6526
5984
6246
6546
5991
5996
5983
6250
5958
5937
5938
5962
5954
5972
6064
5977
6022
6014
6056
5991
6001
5997
5997
6002
5999
6077
6016
6025
6074
6021
6021
6072
6025
6031
6031
6031
6108
6087
6032
6032
6033
6040
6034
6100
6098
6043
6114
6048
6303
6040
6042
6128
6049
6049
6052
6372
6057
6066
6387
6060
6063
6062
6263
6082
6017
5997
6305
6067
6071
6274
6042
6081
6008
6091
6273
6081
6091
6086
6090
6384
6053
6095
6095
6094
6229
6097
6110
6037
6106
6207
6098
6105
6099
6106
6152
6106
6038
6213
6309
6015
6023
6081
6187
6064
6049
6158
6117
6118
6068
6113
6073
6081
6081
6156
6167
6162
6109
6093
6338
6112
6284
6113
6327
6116
6324
6120
6269
6124
6233
6127
6352
6127
6122
6223
6101
6157
6129
6134
6134
6144
6383
6141
6209
6144
6230
6356
6152
6152
6206
6153
6135
6201
6162
6279
6160
6159
6138
6394
6157
6095
6166
6252
6165
6292
6168
6236
6102
6109
6115
6128
6133
6120
6145
6179
6154
6134
6049
6067
6148
6215
6156
6196
6159
6153
6169
6163
6160
6224
6173
6220
6213
6218
6177
6206
6181
6177
6197
6216
6185
6188
6187
6186
6245
6189
6188
6182
6243
6190
6200
6266
6169
6173
6126
6208
6170
6202
6178
6175
6185
6193
6190
6190
6227
6193
6253
6260
6198
6198
6207
6229
6219
6219
6371
6219
6216
6393
6227
6223
6273
6189
6229
6312
6173
6321
6178
6228
6221
6182
6204
6191
6344
6235
6320
6346
6240
6237
6383
6242
6245
6242
6248
6245
6245
6256
6291
6237
6240
6254
6254
6375
6286
6257
6294
6263
6267
6359
6223
6189
6250
6357
6293
6227
6248
6229
6226
6242
6231
6272
6248
6349
6265
6258
6319
6372
6290
6270
6271
6271
6352
6273
6299
6275
6354
6338
6294
6291
6255
6351
6294
6281
6355
6289
6267
6315
6319
6339
6287
6406
6302
6401
6311
6288
6366
6279
6271
6312
6254
6364
6315
6406
6321
6301
6345
6336
6321
6385
6326
6337
6631
6326
6333
6342
6345
6322
6500
6346
6511
6463
6428
6351
6620
6352
6514
6300
6296
6296
6309
6310
6378
6340
6345
6356
6515
6565
6357
6364
6621
6305
6375
6368
6540
6374
6369
6376
6411
6476
6663
6378
6382
6388
6401
6368
6393
6389
6591
6511
6404
6394
6395
6396
6568
6408
6518
6619
6350
6313
6419
6351
6418
6354
6382
6377
6324
6539
6372
6347
6425
6374
6384
6409
6433
6392
6398
6533
6411
6411
6429
6516
6386
6343
6629
6636
6415
6421
6571
6519
6419
6421
6423
6518
6426
6461
6459
6430
6424
6534
6545
6413
6467
6542
6416
6418
6497
6425
6433
6435
6498
6522
6435
6433
6547
6539
6438
6439
6424
6485
6440
6516
6513
6444
6404
6459
6444
6447
6445
6445
6483
6477
6388
6421
6416
6426
6436
6436
6519
6439
6442
6432
6457
6468
6449
6534
6454
6452
6457
6492
6455
6583
6459
6538
6462
6516
6463
6527
6466
6442
6536
6534
6478
6473
6477
6476
6519
6482
6520
6483
6452
6454
6493
6490
6529
6489
6503
6561
6442
6457
6459
6525
6468
6481
6485
6505
6520
6495
6491
6502
6478
6468
6470
6502
6566
6527
6651
6510
6583
6510
6597
6555
6530
6531
6533
6561
6531
6531
6623
6542
6571
6546
6552
6636
6488
6524
6498
6597
6566
6505
6517
6533
6616
6592
6534
6584
6517
6540
6614
6554
6617
6528
6558
6545
6570
6583
6548
7354
6569
6549
6564
6637
6555
6579
6632
6581
6572
6588
6664
6586
7068
6591
6583
6608
7035
6603
6598
6595
6698
6605
6593
7476
7111
6548
7462
6609
7255
6621
6614
6567
6560
6621
6835
6623
6624
6623
6626
6624
7205
6628
6555
6565
6652
6812
6629
6629
6629
6648
6633
7020
6640
7316
7213
6642
6794
6649
7392
6653
6838
6882
6581
6656
6691
6662
6712
6662
7212
6587
6560
6629
6582
6591
6601
6603
6623
6731
6709
6717
6644
6648
6652
6680
6654
6722
6656
6712
6660
6711
6666
6713
6669
6671
6611
6720
6672
6677
6692
6674
6800
6648
6640
6696
6651
6689
6731
6730
6665
6722
6670
6677
6681
6678
6614
6678
6678
6677
6754
6860
6677
6684
6686
6680
6736
6798
6688
6660
6800
6878
6698
6690
6705
6739
6708
6750
6757
6715
6708
6715
6665
6710
6673
6779
6715
6714
6668
6709
6710
6741
6717
6719
6724
6775
6724
6728
6843
6729
6772
6678
6679
6765
6683
6704
6734
6737
6688
6706
6718
6707
6738
6680
6706
6751
6709
6728
6756
6781
6733
6802
6805
6728
6789
6734
6735
6784
6739
6789
6754
6869
6842
6757
6882
6761
6854
6848
6767
6755
6768
6875
6738
6733
6777
6757
6732
6758
6769
6869
6789
6837
6795
6797
6798
6854
6801
6863
6874
6808
6809
6827
6812
6799
6818
6992
6818
7476
6819
7353
6819
6819
7461
6824
6786
7255
6836
6862
6714
6735
6750
6759
6767
6853
6762
6795
6855
6776
6798
6841
7190
6842
7143
6827
6806
7068
6828
6831
6831
7005
7256
6835
7064
7085
6840
7187
6847
6864
7109
6852
6850
7033
6854
6851
6779
7226
7066
6857
6860
6858
7004
6872
7168
7251
6877
7256
6878
6878
6868
6874
6870
6826
6879
7015
7439
6977
6804
6812
6823
6777
6854
6823
6819
6915
6890
6836
6836
6830
6833
6850
7070
6857
7016
6887
6832
6894
6836
6828
6861
6915
7071
6877
6883
6882
6884
7114
6884
6912
6887
6887
7107
7065
6892
6992
7018
6892
6895
6893
6896
6888
6886
7026
6897
6898
7047
6898
7116
6897
6897
6900
6962
6900
7090
6903
6903
7092
6904
6902
6938
6876
7009
6874
6917
6878
6884
6916
6899
6894
6892
6900
6909
6888
6979
6902
6938
6947
6907
6912
6886
6934
6922
6915
6971
6927
6965
6905
6886
6902
6929
6954
6929
6973
6930
6929
6974
6936
7108
6947
6951
7098
6942
7071
6955
6927
6918
7024
6919
6926
7032
6982
6963
6935
6933
6983
6963
6996
6964
6942
7012
6965
6996
6968
7083
6976
7074
6981
6980
6957
6946
6942
6952
6969
6964
6988
6985
6960
6997
6982
7079
7094
6992
6977
7077
6994
7108
7056
7055
7000
7080
7048
7001
7003
7026
7029
7008
7039
7036
7099
6941
7026
7013
7024
6993
7023
6997
6999
7052
7005
7058
7457
7015
7004
7003
7015
7058
7017
6985
6997
7021
7085
7018
7110
7027
7053
7023
7021
7069
7074
7030
7025
7030
7108
7037
7082
7042
7067
7478
7055
7058
7476
7015
7031
7016
7064
7033
7042
7070
7087
7033
7023
7050
7437
7071
7068
7292
7074
7458
7076
7082
7344
7411
7095
7100
7082
7101
7098
7214
7369
7102
7102
7476
7107
7190
7110
7299
7199
7115
7077
7117
7305
7056
7061
7068
7141
7384
7096
7093
7164
7082
7136
7102
7161
7052
7101
7112
7105
7163
7174
7180
7117
7119
7154
7110
7138
7118
7153
7121
7125
7124
7198
7182
7133
7190
7225
7149
7137
7138
7151
7238
7228
7118
7079
7152
7121
7123
7180
7156
7117
7171
7221
7239
7159
7161
7212
7168
7195
7170
7261
7172
7152
7214
7155
7267
7175
7256
7176
7260
7270
7177
7180
7127
7180
7131
7264
7187
7185
7130
7190
7185
7224
7192
7193
7139
7158
7138
7153
7165
7201
7167
7269
7212
7174
7174
7179
7220
7213
7158
7210
7180
7198
7250
7185
7237
7199
7201
7259
7203
7205
7243
7168
7259
7208
7167
7164
7206
7184
7198
7218
7212
7279
7210
7278
7214
7203
7363
7224
7215
7373
7198
7269
7201
7247
7211
7351
7229
7227
7329
7245
7243
7351
7347
7213
7200
7371
7285
7248
7353
7253
7258
7368
7402
7264
7256
7293
7419
7274
7318
7214
7216
7280
7277
7278
7406
7221
7222
7292
7252
7358
7253
7402
7258
7271
7284
7395
7425
7277
7393
7282
7284
7339
7428
7251
7199
7292
7421
7327
7287
7289
7417
7273
7331
7292
7295
7428
7292
7244
7239
7412
7311
7316
7282
7323
7286
7379
7292
7338
7330
7298
7296
7298
7298
7247
7298
7417
7300
7305
7337
7307
7279
7383
7297
7395
7312
7395
7424
7314
7400
7314
7313
7414
7266
7289
7308
7296
7296
7319
7299
7318
7317
7296
7423
7307
7318
7309
7315
7380
7334
7321
7323
7332
7348
7325
7321
7321
7331
7327
7357
7350
7318
7358
7330
7426
7301
7336
7346
7353
7356
7417
7334
7374
7414
7367
7368
7592
7440
7349
7342
7373
7364
7400
7390
7369
7470
7489
7383
7382
7446
7381
7461
7339
7379
7388
7457
7393
7431
7394
7455
7395
7399
7403
7402
7458
7405
7411
7420
7436
8127
7427
7425
8084
7427
7426
7361
7376
7371
7545
7379
7452
7385
7450
7393
7403
7495
7431
7368
7435
7378
7441
8085
7886
7447
7443
7453
8043
7445
7448
8440
7454
7440
7262
7436
8256
7460
8441
7561
7460
7458
7463
7466
7582
8494
7467
7474
7466
7486
8517
7474
7623
7476
7485
7482
7961
7487
8664
7489
7480
8732
7601
7428
7462
7456
7423
7394
7438
7524
7452
7430
7492
7523
7463
7456
7511
7512
7494
7504
7487
7489
7487
7489
7529
7490
7445
7463
7455
7510
7493
7476
7530
7527
7495
7496
7532
7787
7498
7491
7492
7935
7501
7502
7517
7505
7963
7470
7865
7803
7494
7510
7828
7511
7510
7590
7518
7874
7844
7520
7527
7520
7750
7523
7523
7922
7525
7523
7505
7703
7508
7467
7506
7498
7985
7529
7530
7633
7498
7508
7501
7520
7526
7518
7544
7516
7524
7531
7541
7534
7526
7503
7602
7505
7545
7547
7519
7540
7664
7534
7534
7537
7542
7560
7542
7534
7666
7547
7682
7549
7623
7528
7641
7541
7537
7549
7541
7542
7554
7554
7588
7576
7588
7558
7556
7588
7567
7559
7568
7569
7569
7556
7566
7565
7580
7597
7550
7573
7578
7570
7569
7643
7580
7600
7595
7586
7586
7566
7574
7581
7616
7594
7619
7583
7644
7576
7571
7594
7595
7641
7646
7595
7596
7623
7612
7637
7599
7620
7609
7603
7604
7607
7627
7648
7588
7594
7596
7598
7617
7603
7651
7641
7626
7686
7630
7621
7665
7635
7646
7664
7639
7605
7695
7643
7695
7672
7648
7670
7650
7654
7655
7651
7677
7658
7690
7691
7620
7629
7620
7594
7679
7711
7651
7661
7665
7716
7738
7666
7650
7766
7670
7711
7768
7677
7670
7758
7711
7680
7708
7681
7680
7655
7685
7684
7768
7736
7689
7688
7689
7694
7719
7695
7751
7631
7673
7678
7668
7660
7650
7766
7677
7681
7720
7678
7685
7699
7697
7682
7697
7689
7700
7704
7697
7702
7703
7718
7703
7732
7729
7722
7736
7708
7709
7709
7733
7711
7707
7712
7734
7718
7696
7712
7708
7708
7705
7728
7722
7723
7723
7771
7739
7738
7722
7727
7769
7729
7758
7735
7725
7727
7736
7773
7738
7712
7739
7739
7762
7726
7727
7742
7737
7740
7740
7731
7729
7763
7945
7744
7744
7749
7796
7767
7803
7754
7770
7775
7761
7878
7799
7756
7789
7760
7825
7768
7814
7777
7757
7821
7779
7777
7779
7780
7782
7814
7795
7784
7796
7786
7797
7790
7821
7792
7828
7793
7791
7778
7779
7790
7782
7792
7787
7780
7794
7872
7796
7813
7802
7795
7832
7810
7910
7813
7864
7816
7901
7821
7818
7861
7822
7893
7842
7802
7806
7830
7836
7813
7808
7858
7829
7831
7837
7874
7841
7833
7831
7860
7841
7815
7862
7835
7842
7844
7844
7845
7879
7883
7851
7872
7851
7843
7847
7859
7851
7882
7880
7822
7852
7882
7855
7892
7867
7898
7878
7863
7869
7912
7807
7878
7837
7886
7883
7885
7913
7940
7886
7932
7888
7892
7887
7941
7891
7909
7857
7886
7894
7923
7896
7922
7907
7905
7897
7873
7901
7874
7886
7914
7896
7920
7902
7852
7924
7903
7872
7922
7900
7919
7943
7908
7912
7911
7916
7966
7915
8003
7902
7936
7940
7924
7905
7946
7991
7941
7940
7956
7978
7907
7962
7887
8000
7916
7975
7945
7987
7996
7948
7956
7938
7947
7951
7953
7953
7952
7948
7986
7996
7956
7954
7958
7988
7959
7998
7970
7965
7972
8295
7946
7960
7994
7951
7924
8002
7961
7975
7967
7971
7996
8119
8090
7948
7977
7903
7859
8244
7972
7968
7972
7998
7994
7973
8044
7996
8270
8006
8003
8182
8004
8191
7962
8169
7979
8008
8114
7994
8002
7997
7972
7982
8296
8009
8009
8278
8106
7968
8006
8006
8227
8013
8020
8014
8016
8180
8245
8300
8021
8076
8077
8022
8022
8023
8133
8029
8029
8026
8033
8141
8033
8252
8034
8060
8168
8013
8015
8181
8016
8034
8054
8019
8028
8038
8038
8025
8025
8025
8038
8037
8026
8039
8034
8056
8040
8040
8052
8040
8039
8038
8049
8043
8051
8044
8048
8040
8051
8048
8053
8081
8052
8047
8085
8046
8082
8064
8058
8056
8070
8102
8071
8058
8063
8068
8063
8085
8091
8078
8073
8099
8103
8083
8086
8114
8088
8088
8074
8118
8084
8206
8121
8108
8098
8077
8098
8096
8253
8098
8084
8092
8087
8101
8087
8114
8093
8110
8136
8195
8115
8115
8188
8120
8161
8100
8132
8075
8126
8110
8122
8195
8126
8119
8159
8130
8120
8149
8131
8131
8132
8132
8132
8133
8193
8178
8159
8131
8125
8159
8171
8129
8175
8132
8177
8173
8133
8161
8142
8141
8144
8150
8197
8218
8171
8168
8277
8178
8177
8165
8169
8201
8243
8179
8258
8182
8267
8192
8186
8187
8192
8159
8240
8193
8233
8195
8270
8198
8197
8266
8138
8241
8169
8206
8172
8247
8144
8254
8184
8203
8223
8217
8190
8218
8209
8241
8211
8231
8212
8233
8215
8178
8199
8236
8206
8206
8224
8216
8268
8229
8214
8260
8224
8194
8539
8229
8224
8517
8310
8234
8228
8285
8259
8235
8228
8291
8238
8250
8252
8239
8298
8243
8297
8424
8259
8626
8762
8260
8264
8666
8272
8587
8277
8272
8274
8256
8232
8279
8448
8232
8237
8235
8235
8241
8311
8285
8253
8288
8412
8293
8559
8294
8291
8284
8605
8302
8369
8303
8581
8304
8305
8597
8544
8257
8237
8297
8265
8301
8282
8280
8333
8420
8267
8268
8295
8406
8303
8277
8270
8420
8320
8311
8359
8350
8316
8338
8319
8331
8338
8327
8319
8341
8350
8329
8328
8319
8409
8323
8282
8321
8322
8315
8314
8348
8329
8325
8339
8382
8323
8340
8333
8331
8333
8331
8376
8395
8337
8338
8330
8337
8360
8396
8342
8347
8371
8363
8366
8348
8336
8380
8354
8380
8383
8357
8379
8333
8331
8331
8343
8335
8338
8372
8336
8340
8346
8342
8349
8368
8364
8350
8366
8363
8377
8419
8409
8373
8366
8420
8391
8652
8356
8378
8464
8423
8396
8397
8471
8358
8374
8392
8664
8402
8408
8460
8615
8411
8417
8417
8414
8360
8418
8504
8422
8420
8585
8633
8372
8317
8631
8540
8398
8497
8544
8401
8401
8451
8459
8423
8464
8403
8392
8462
8412
8444
8426
8425
8429
8480
8433
8428
8428
8429
8430
8424
8426
8486
8435
8456
8446
8420
8437
8446
8423
8439
8433
8445
8436
8461
8437
8444
8439
8444
8447
8434
8451
8453
8439
8441
8443
8463
8448
8460
8441
8451
8456
8449
8452
8450
8493
8454
8462
8436
8459
8455
8491
8457
8488
8449
8443
8450
8458
8464
8483
8465
8479
8467
8486
8471
8510
8445
8486
8471
8472
8477
8483
8476
8470
8477
8495
8478
8476
8480
8512
8488
8519
8482
8482
8490
8518
8525
8498
8533
8552
8492
8523
8646
8492
8521
8521
8521
8511
8580
8523
8525
8585
8513
8527
8527
8532
8563
8533
8526
8670
8535
8590
8537
8611
8542
8542
8601
8577
8543
8547
8670
8498
8532
8528
8539
8526
8526
8522
8526
8598
8544
8563
8569
8555
8614
8559
8562
8562
8595
8565
8565
8604
8566
8571
8613
8569
8583
8571
8598
8594
8578
8564
8589
8559
8573
8579
8572
8589
8573
8568
8562
8607
8600
8576
8578
8578
8574
8580
8593
8555
8556
8591
8581
8573
8609
8582
8597
8601
8592
8586
8575
8586
8618
8578
8593
8604
8593
8592
8619
8597
8601
8616
8625
8598
8645
8618
8613
8593
8668
8619
8609
8589
8647
8602
8640
8624
8620
8627
8619
8627
8634
8666
8633
8637
8648
8657
8638
8651
8604
8646
8657
8624
8630
8618
8648
8626
8646
8634
8648
8645
8640
8646
8714
8647
8641
8708
8653
8747
8640
8748
8725
8660
8671
8768
8776
8677
8628
8645
8666
8741
8670
8751
8674
8664
8658
8715
8675
8658
8750
8694
8742
8674
8676
8672
8749
8677
8685
8677
8681
8716
8682
8683
8711
8687
8683
8712
8688
8725
8674
8691
8721
8678
8675
8693
8681
8696
8697
8680
8687
8692
8689
8713
8717
8698
8760
8703
8706
8713
8708
8718
8721
8709
8699
8699
8701
8704
8715
8709
8709
8717
8735
8709
8723
8716
8722
8714
8723
8734
8715
8715
8728
8716
8729
8727
8742
8731
8750
8732
8735
8744
8739
8738
8751
8740
8765
8741
8754
8756
8747
8749
8743
8761
8750
8782
8753
8743
8749
8759
8736
8755
8756
8766
8761
8775
8753
8705
8763
8690
8762
8778
8763
8773
8764
8766
8763
8781
8769
8770
8772
8780
8779
8769
9418
8770
8764
9170
8774
8790
8804
8784
8786
8790
8785
8796
8792
8784
8803
8793
8801
8818
8790
8800
8802
8796
8788
8805
8818
8806
8862
8817
8805
8808
9206
8795
8813
8809
9140
8814
8817
9208
8822
8823
8813
8823
8808
8816
8834
8828
8823
8829
8826
8825
8830
8846
8826
8829
8829
8829
8834
8826
8824
8836
8825
8835
8851
8837
8849
8839
8836
8826
8838
8839
8839
8839
8841
8838
8847
8845
8842
8842
8848
8858
8852
8853
8854
8854
8862
8855
8848
8893
8866
8878
8867
8892
8868
8830
8858
8850
8887
8887
8863
8869
8868
8870
8875
8878
8894
8877
8880
8879
8884
8874
8872
8886
8880
8884
8882
8883
8884
8885
8885
8890
8896
8904
8884
8902
8902
8875
8903
8998
8906
8906
8921
8910
8915
8910
8901
8916
8921
8915
8911
8931
8912
8912
8920
8913
8928
8913
8914
8914
8931
8923
8931
8938
8931
8938
8933
8936
8934
8971
8944
8939
8959
8951
8942
8922
8960
8948
8960
8938
8935
8949
8960
8961
8945
8944
8984
8954
8967
8977
8956
8955
8966
8972
8966
8984
8967
8995
8951
8980
8960
9034
8971
9036
8963
8975
8974
8979
9019
8979
9009
8975
8970
8988
8969
8984
9025
9010
8994
8999
8999
8989
9000
9007
8999
9012
9002
9029
8989
9022
8995
9005
9006
8958
9020
9016
9003
9005
9014
9014
9040
9041
9016
9011
9045
9023
9064
9028
9008
8992
9019
9028
9015
9043
9031
9060
9033
9053
9048
9029
9064
9039
9058
9046
8963
9441
9027
9047
9036
9046
9053
9028
9050
9044
9521
9054
9031
9546
9055
9062
9531
9263
9064
9132
9067
9449
9146
9082
9055
9043
9061
9062
9064
9089
9068
9067
9070
9099
9085
9091
9076
9070
9072
9091
9084
9106
9106
9081
9055
9068
9097
9087
9086
9090
9104
9087
9093
9088
9113
9100
9101
9120
9113
9117
9100
9094
9200
9104
9078
9085
9079
9094
9107
9085
9106
9109
9124
9112
9094
9215
9209
9114
9119
9118
9116
9201
9120
9236
9104
9112
9164
9135
9136
9113
9123
9118
9126
9122
9122
9145
9134
9123
9127
9138
9127
9140
9119
9125
9160
9132
9123
9157
9154
9141
9143
9156
9139
9160
9143
9142
9144
9164
9165
9146
9151
9148
9155
9166
9186
9164
9154
9189
9154
9168
9176
9165
9166
9168
9177
9190
9167
9171
9167
9172
9163
9171
9154
9146
9150
9189
9184
9171
9182
9176
9180
9186
9195
9240
9183
9212
9193
9194
9180
9172
9200
9196
9208
9216
9200
9204
9202
9233
9210
9210
9207
9200
9225
9212
9211
9205
9223
9213
9214
9230
9217
9239
9232
9190
9210
9210
9212
9216
9227
9218
9224
9219
9231
9230
9224
9224
9240
9229
9224
9229
9224
9224
9226
9235
9221
9238
9225
9399
9239
9438
9241
9230
9380
9556
9241
9239
9229
9249
9250
9244
9247
9245
9243
9245
9241
9245
9247
9246
9248
9248
9256
9252
9253
9254
9255
9255
9255
9250
9277
9262
9259
9262
9262
9262
9265
9259
9287
9264
9261
9273
9268
9274
9271
9271
9273
9277
9274
9277
9278
9280
9276
9290
9281
9286
9315
9292
9293
9298
9316
9292
9296
9298
9293
9294
9309
9299
9326
9324
9312
9307
9313
9320
9314
9316
9314
9314
9323
9322
9316
9308
9319
9322
9370
9326
9326
9307
9330
9362
9361
9316
9327
9334
9335
9344
9333
9346
9332
9337
9334
9340
9349
9353
9340
9349
9345
9368
9358
9338
9338
9376
9370
9347
9351
9351
9363
9359
9356
9370
9366
9326
9375
9365
9356
9353
9378
9367
9340
9424
9376
9360
9376
9379
9376
9383
9383
9387
9401
9420
9389
9414
9425
9391
9398
9428
9408
9354
9411
9392
9376
9387
9417
9415
9400
9399
9396
9429
9430
9419
9402
9407
9402
9411
9470
9473
9412
9417
9466
9425
9430
9449
9411
9461
9491
9553
9428
9463
9400
9409
9415
9431
9453
9430
9435
9435
9434
9417
9444
9437
9447
9452
9435
9456
9447
9439
9441
9469
9441
9465
9453
9431
9436
9440
9462
9444
9467
9448
9454
9460
9473
9456
9446
9459
9459
9453
9444
9459
9471
9463
9462
9462
9480
9463
9467
9467
9446
9468
9477
9474
9471
9478
9475
9446
9444
9457
9432
9435
9477
9472
9523
9480
9473
9489
9491
9473
9483
9485
9485
9495
9487
9497
9489
9487
9489
9488
9483
9472
9499
9497
9494
9488
9494
9504
9498
9500
9510
9501
9507
9500
9509
9528
9498
9510
9503
9503
9512
9517
9519
9529
9516
9516
9530
9540
9518
9520
9517
9514
9520
9518
9538
9522
9530
9543
9526
9538
9530
9534
9538
9536
9544
9556
9511
9518
9546
9545
9541
9554
9543
9544
9546
9546
9547
9556
9555
9532
9539
9559
9553
9551
9555
9564
9558
9556
9557
9560
9557
9560
9553
9556
9565
9564
9563
9564
9567
9563
9566
9569
9569
9570
9759
9571
9570
9577
9571
9576
9623
9579
9583
9587
9586
9585
9585
9578
9581
9593
9589
9588
9592
9590
9589
9589
9592
9594
9591
9594
9594
9596
9596
9596
9617
9597
9597
9599
9608
9605
9601
9605
9605
9608
9606
9612
9613
9639
9610
9609
9617
9614
9617
9623
9618
9619
9630
9620
9621
9622
9626
9624
9623
9625
9624
9622
9633
9632
9620
9619
9632
9636
9635
9639
9639
9639
9644
9641
9641
9654
9644
9644
9652
9663
9648
9648
9657
9650
9653
9654
9661
9661
9652
9650
9654
9650
9722
9663
9664
9666
9666
9667
9666
9670
9669
9670
9668
9672
9735
9676
9680
9682
9681
9673
9678
9683
9673
9676
9717
9683
9686
9702
9688
9686
9684
9704
9698
9687
9688
9690
9687
9698
9704
9698
9689
9683
9714
9712
9713
9707
9706
9735
9709
9710
9711
9709
9717
9719
9735
9718
9717
9722
9718
9698
9721
9723
9733
9725
9724
9725
9725
9722
9735
9730
9731
9734
9731
9734
9734
9742
9736
9727
9738
9740
9740
9741
9738
9737
9741
9741
9743
9749
9744
9745
9742
9750
9750
9747
9757
9750
9749
9764
9745
9760
9751
9751
9762
9751
9752
9950
9754
9775
9762
9757
9750
9773
9865
9755
9772
9776
9761
9768
9775
9772
9769
9786
9772
9750
9780
9765
9780
9773
9785
9778
9780
9779
9785
9767
9794
9789
9795
9787
9802
9816
9794
9789
9820
9804
9797
9804
9806
9797
9812
9803
9802
9808
9808
9815
9810
9801
9796
9805
9804
9819
9816
9824
9821
9817
9821
9816
9820
9825
9806
9828
9835
9823
9820
9820
9821
9822
9814
9836
9845
9820
9833
9802
9827
9827
9825
9819
9837
9848
9829
9836
9842
9837
9839
9842
9836
9836
9820
9853
9856
9845
9860
9861
9861
9865
9863
9862
9863
9868
9865
9877
9863
9876
9877
9874
9878
9973
9957
9833
9882
9872
9878
9881
9893
9885
9886
9890
9888
9882
9888
9886
9885
9890
9891
9890
9893
9896
9894
9893
9897
9910
9892
9896
9900
9897
9913
9896
9903
9900
9900
9901
9908
9909
9909
9905
9923
9909
9914
9916
9919
9928
9922
9923
9924
9923
9920
9922
9921
9928
9928
9937
9929
9925
9945
9945
9938
9928
9928
9932
9933
9934
9937
9939
9939
9938
9939
9939
9941
9948
9946
9961
9953
9952
9949
9949
9949
9958
9957
9974
9960
9981
9954
9963
9959
9963
9963
9963
9964
9994
9964
9974
9970
9971
9981
9965
9983
9977
9976
9976
9979
9976
9995
9985
9989
9988
9988
9990
9983
9981
9990
9991
9993
9989
9991
9989
9993
9995
9998
9996
9995
9999
9999
9999
