Algoritma :quicksort-desc10k  Süre (ms): 0.9353
1
1
0
1
2
3
141
5
15
7
7
7
8
12
14
20
21
21
4
22
24
21
24
32
26
32
23
27
32
42
33
42
31
43
49
44
55
45
49
50
49
46
47
44
42
45
51
50
52
49
51
53
58
57
62
60
54
61
62
63
59
62
65
62
65
65
66
68
69
70
72
75
73
73
75
64
76
80
77
81
78
77
76
81
86
82
86
86
89
88
90
90
93
94
95
96
97
98
93
99
106
102
107
108
107
107
110
106
109
108
110
110
113
113
118
112
123
119
118
124
124
123
124
124
124
121
124
127
127
125
127
131
131
127
131
136
137
137
138
141
141
141
142
143
142
147
141
141
152
148
150
146
145
149
151
150
156
154
1385
148
160
154
154
155
156
165
143
158
168
157
159
171
172
159
150
162
165
182
178
179
164
157
181
171
171
172
160
172
172
160
169
173
176
155
177
194
168
190
167
199
179
182
180
182
178
175
195
184
190
178
192
209
178
196
179
197
197
199
199
208
231
204
201
219
228
211
201
226
213
213
214
231
200
206
224
226
236
230
234
170
229
230
292
231
223
220
246
232
236
212
227
228
237
238
239
245
241
246
254
244
261
258
246
259
260
234
259
249
262
268
265
270
274
275
273
276
275
280
275
275
284
277
268
278
280
275
279
283
277
277
290
299
286
285
295
290
290
287
292
298
291
286
286
300
287
296
292
310
291
298
304
300
303
304
307
307
294
321
311
318
313
315
315
315
300
317
317
318
319
314
324
323
332
317
397
329
332
331
332
332
324
329
326
359
337
335
336
338
348
345
345
348
348
344
354
349
354
352
353
359
358
343
334
362
363
364
365
365
370
371
371
373
375
366
376
375
379
381
383
385
386
381
385
387
390
394
389
390
391
393
385
378
394
392
394
396
395
395
368
397
400
400
401
400
407
403
404
407
404
399
402
908
404
404
415
415
414
405
413
417
409
419
419
419
408
420
428
426
426
432
434
439
440
440
437
438
432
439
431
440
437
444
442
444
441
444
445
457
450
446
464
453
447
448
448
450
451
455
451
447
452
464
447
457
453
458
458
464
468
461
456
472
464
468
468
474
481
471
471
472
465
472
471
468
473
503
475
476
469
479
476
498
491
499
483
486
482
483
490
492
496
493
498
524
509
492
478
499
508
493
554
511
502
514
494
532
508
518
513
482
509
505
511
511
506
500
512
527
520
513
517
531
533
508
520
503
521
537
514
539
485
541
543
543
528
530
531
521
532
551
507
534
535
542
566
555
538
539
541
540
541
475
521
542
561
527
577
528
553
545
549
543
549
553
553
522
576
555
558
558
540
536
561
542
565
585
586
564
594
566
510
537
515
571
573
576
570
578
585
568
586
602
586
586
586
568
595
588
588
600
599
598
601
586
587
567
605
622
609
610
610
621
634
616
624
619
620
621
615
619
617
622
624
632
621
634
637
628
632
632
645
633
624
644
617
637
623
635
636
650
640
633
641
606
646
646
648
649
652
651
665
639
658
659
657
663
665
667
664
667
667
660
665
673
671
673
670
672
674
668
675
686
676
676
657
678
680
680
684
681
675
687
693
691
693
698
691
694
695
695
696
695
699
700
704
694
702
703
708
703
727
699
707
716
704
704
708
709
719
721
708
718
716
714
713
729
718
738
712
722
722
722
757
723
723
716
725
717
728
738
742
728
730
731
714
725
732
741
733
710
700
739
740
752
746
760
767
750
753
741
765
761
762
757
731
758
732
769
760
760
761
755
772
760
763
762
762
792
763
730
766
831
785
756
761
782
769
767
770
755
774
772
774
774
790
767
765
783
801
840
790
815
790
793
804
794
776
796
798
782
811
798
806
801
790
816
816
794
801
804
819
810
781
812
865
810
813
824
843
803
804
805
819
820
837
822
822
832
856
814
842
798
827
826
824
838
827
828
830
747
841
822
822
852
834
831
881
853
841
799
799
842
845
850
850
834
851
867
812
870
870
871
855
838
874
857
860
860
863
835
864
856
882
867
856
890
866
868
869
853
897
869
869
864
871
871
853
877
874
814
872
900
824
879
874
880
907
886
867
881
870
885
866
889
912
885
890
894
897
903
898
899
875
900
901
925
921
903
873
927
905
882
907
933
884
911
914
906
915
921
940
898
923
943
903
926
926
927
929
892
947
978
930
931
931
932
933
932
959
935
940
940
945
937
942
943
944
925
969
969
970
928
948
974
975
975
951
952
976
976
958
982
982
983
962
985
968
1018
969
989
969
969
969
968
957
995
970
946
999
1000
1000
949
1009
971
961
976
929
978
951
956
997
979
981
981
906
1018
922
981
1018
983
983
1021
984
985
970
1025
988
1027
989
1028
1015
994
995
1018
996
998
971
973
1038
948
950
1002
1002
1043
1005
1045
1034
1011
1051
982
1015
1048
1017
1018
1012
981
983
942
1019
1021
1060
988
1056
1025
1026
1065
1113
1027
1027
1071
989
1028
1064
1024
1030
1030
1034
1038
1124
1042
1043
1043
1043
1043
1074
1003
1086
1087
1088
979
1045
1046
1092
1048
1014
1020
1096
1054
1099
1096
1052
1029
1056
1060
965
1022
1062
1062
1107
1063
1065
1065
1112
1113
1072
1066
1069
1118
1118
1072
1010
1121
1119
1078
1000
1125
1080
1113
1081
1082
1084
1086
1086
1063
1134
1087
1044
1045
1137
1088
1088
1087
1089
1092
1047
1144
1093
1096
1098
1055
1097
1151
1099
1091
1100
1108
1059
1109
1112
1112
1110
1065
1125
1113
1113
987
1079
1164
969
1115
1170
1027
1066
1116
1115
1119
1120
1121
1121
1174
1077
1119
1122
1124
1078
1180
1142
1126
1127
1127
1130
1087
1088
1137
1138
1250
1055
1189
1142
1144
1298
1145
1132
1146
1207
1052
1148
1148
1150
1151
1211
1211
1152
1156
1074
1158
1216
1114
1163
1167
1159
1168
1266
1196
1169
1171
1179
1153
1180
1180
1185
1231
1193
1186
1234
1187
1189
1134
1191
1233
1192
1193
1230
1186
1194
1194
1246
1195
1197
1197
1294
1253
1203
1204
1147
1302
1208
1254
1151
1211
1209
1203
1262
1213
1264
1214
1216
1216
1213
1217
1219
1222
1220
1273
1223
1228
1231
1183
1038
1279
1280
1233
1234
1125
1238
1282
1237
1192
1323
1239
1240
1242
1245
1246
1252
1247
1147
1199
1300
1251
1260
1253
1249
1254
1305
1294
1210
1320
1308
1162
1309
1307
1262
1262
1212
1260
1260
1263
1264
1317
1265
1218
1322
1323
1271
1325
1236
1468
1273
1329
1274
1279
1335
1280
1280
1280
1280
1329
1275
1276
1277
1281
1282
1343
1281
1285
1348
1286
1348
1287
1287
1291
1195
1141
1354
1288
1356
1297
1200
1170
1300
1301
1255
1257
1305
1304
1304
1367
1307
1308
1372
1311
1372
1310
1258
1307
1373
1296
1314
1319
1379
1317
1321
1322
1271
1385
1323
1271
1354
1389
1325
1117
1394
1327
1392
1324
1396
1329
1269
1330
1330
1232
1400
1364
1335
1232
1404
1340
1343
1281
1239
1346
1346
1413
1348
1346
1349
1414
1353
1354
1420
1354
1354
1356
1250
1314
1355
1425
1359
1296
1355
1399
1366
1305
1367
1435
1365
1433
1370
1439
1309
1383
1443
1443
1378
1376
1308
1447
1379
1380
1380
1259
1381
1383
1369
1329
1384
1385
1321
1389
1389
1461
1388
1324
1464
1390
1392
1272
1472
1385
1396
1396
1456
1441
1549
1399
1332
1400
1478
1332
1403
1404
1405
1337
1484
1485
1410
1407
1411
1489
1297
1489
1414
1415
1342
1416
1417
1497
1420
1418
1352
1421
1502
1424
1425
1505
1426
1412
1429
1431
1504
1434
1512
1513
1435
1368
1516
1453
1439
1438
1259
1522
1514
1373
1375
1376
1444
1445
1447
1442
1448
1515
2163
1459
1534
1460
1461
1461
1395
1396
1463
1464
1535
1466
1477
1327
1472
1474
1634
1550
1478
1549
1402
1485
1554
1484
1406
1484
1553
1485
1506
1354
1562
1568
1413
1491
1491
1327
1476
1494
1497
1418
1432
1435
1498
1502
1502
1423
1500
1504
1505
1505
1582
1427
1506
1657
1510
1510
1501
1494
1590
1512
1367
1513
1513
1513
1513
1597
1524
1684
1514
1601
1516
1605
1438
1605
1517
1520
1521
1455
1609
1527
1526
1526
1530
1531
1532
1614
1387
1398
1532
1535
1622
1542
1539
1626
1536
1532
1544
1544
1545
1547
1546
1551
1717
1623
1478
1551
1551
1478
1556
1552
1554
1643
1480
1485
1558
1558
1560
1561
1562
1487
1489
1653
1563
1565
1656
1562
1571
1573
1574
1574
1505
1663
1582
1665
1572
1583
1583
1658
1585
1546
1672
1675
1511
1675
1591
1592
1597
1597
1597
1511
1595
1598
1680
1599
1494
1602
1516
1437
1683
1604
1693
1693
1691
1599
1606
1610
1588
1612
1613
1612
1614
1616
1534
1617
1620
1698
1622
1537
1621
1623
1625
1542
1628
1628
1628
1635
1719
1711
1632
1635
1635
1549
1636
1726
1726
1656
1643
1643
1733
1512
1644
1646
1650
1644
1647
1649
1738
1650
1653
1741
1646
1655
1656
1745
1655
1655
1748
1657
1583
1659
1663
1579
1580
1665
1665
1671
1660
1667
1669
1590
1672
1586
1764
1673
1717
1675
1675
1671
1671
1636
1678
1601
1599
1603
1685
1690
1691
1692
1780
1694
1604
1692
1707
1695
1698
1673
1701
1705
1622
1706
1784
1442
1709
1548
1796
1714
1717
1629
1718
1719
1719
1803
1805
1725
1639
1723
1808
1727
1727
1729
1730
1567
1563
1734
1736
1729
1738
1738
1812
1739
1822
1653
1741
1743
1745
1745
1712
1829
1748
1748
1702
1833
1755
1585
1841
1761
1762
1764
1764
1841
1766
1767
1774
1845
1775
1774
1776
1780
1605
1852
1781
1784
1809
1856
1856
1796
1848
1475
1697
1797
1798
1834
1803
1803
1798
1803
1873
1804
1720
1807
1808
1873
1822
1810
1813
1877
1814
1817
1820
1881
1822
1741
1829
1823
1829
1882
1746
1751
1833
1889
1832
1873
1834
1896
1757
1753
1845
1775
1845
1901
1776
1904
1905
1796
1850
1902
1852
1858
2194
1855
1792
1856
1796
1855
1916
1858
1798
1862
1863
1864
1865
1866
1866
1866
1407
1868
1869
1929
1873
1873
1876
1873
1873
1865
1640
1804
1874
1875
1737
1999
1924
1822
1879
1881
1853
2012
1882
1950
1927
1885
2091
1887
2146
1889
1961
1890
1891
1894
1895
1836
1845
1976
1899
1901
1901
1901
1968
1902
1903
1847
1849
1907
1906
1895
2024
1912
1914
1913
1915
1916
1857
1915
1918
1983
1921
1921
1918
1989
1990
2775
1929
1873
1873
1995
1932
1933
1934
1996
1935
1936
1937
1937
2011
1941
1877
1884
1942
1945
1949
2068
2012
2071
1950
2016
1884
1955
1979
1830
1958
1957
2018
1932
2032
1963
1851
1968
1968
1918
1969
1974
2025
2043
1976
1972
1977
1980
1981
1981
2040
1983
1985
2049
1987
1989
1923
1990
1990
1988
1956
1928
1991
2043
2054
1994
1995
1996
2062
1997
1996
1941
2059
2003
1826
2007
2010
2008
1951
1956
1947
1882
2128
2074
2015
2023
2219
2078
2064
2019
2081
2067
1961
2024
2045
2028
2025
1963
1898
2203
2077
1952
2040
2038
2038
2039
1998
2150
2098
2086
2045
2158
1995
2053
2054
2050
2043
2164
2018
2055
1933
2061
2058
2114
2019
2063
1935
2131
2118
2014
1945
2069
2070
2013
2006
2125
2125
2073
2113
2075
2076
2186
1956
2079
2080
2135
2083
2135
1875
2087
2139
1975
2084
2090
2090
2091
2145
2033
2146
2095
2156
2091
2097
2094
2098
2098
2118
2159
2157
2104
2054
2141
2105
2107
2168
2107
2101
2101
2103
2168
2056
2171
2145
2004
2063
2119
2184
2121
2125
2073
2121
2126
2126
2113
2128
2178
2187
2130
2188
2132
2032
2135
2022
2133
2193
2135
2137
2201
2138
2140
2138
2199
2029
2212
2207
2090
2145
1888
2204
2286
2143
2146
2105
2213
2220
2149
2097
2157
2155
2216
2220
2160
2224
2052
2292
2160
2161
2162
2107
2107
2109
2172
2171
2171
2234
2117
2175
2237
2073
2180
2140
2184
2242
2185
2245
2244
2186
2117
2068
2086
2188
2190
2134
1910
2318
2194
2195
2137
2197
2197
2141
2180
2202
2089
2094
2208
2255
2267
2208
2269
2211
2213
2147
2148
2274
2275
2215
2216
2216
2096
2217
2219
2220
2099
2212
2221
2286
2101
2157
2225
2227
2272
2362
2231
2232
2295
2226
2236
2237
2359
2072
2242
2240
2303
2184
2185
2243
2302
2176
2246
2246
2246
1954
2247
2250
2252
2252
2250
2326
2256
2199
2258
2384
2320
2266
2590
2310
2236
2268
2269
2268
2333
2650
2274
2212
2275
2275
2275
2345
2340
2401
2244
2277
2281
2282
2330
2280
2281
2417
2347
2222
2285
2291
2351
2295
2234
2238
2361
2299
2370
2299
2299
2299
2300
2300
2292
2431
2301
2303
2242
2370
2307
2307
2270
2308
2375
2267
2301
2308
2316
2267
2378
2320
2260
2448
2322
2323
2384
2325
2316
2380
2326
2329
2393
2395
2275
2335
2337
2337
2338
2338
2394
2399
2169
2399
2344
2408
2330
2410
2361
2222
2408
2349
2350
2352
2416
2353
2470
2555
2356
2415
2298
2361
2357
2361
2360
2424
2362
2230
2364
2365
2365
2363
2561
2434
2370
2569
2373
2375
2439
2376
2437
2437
2376
2377
2254
2446
2381
2383
2384
2450
2385
2452
2452
2385
2390
2392
2393
2460
2331
2421
2209
2209
2399
2339
2343
2339
2214
2400
2462
2404
2471
2467
2409
2475
2475
2476
2396
2455
2351
2416
2284
2482
2348
2481
2420
2470
2423
2423
2424
2567
2356
2426
2428
2294
2433
2492
2433
2432
2434
2434
2425
2503
2437
2374
2438
2439
2375
2505
2440
2441
2442
2443
2444
2510
2445
2517
2585
2444
2519
2322
2264
2522
2451
2592
2520
2452
2453
2454
2529
2393
2411
2533
2527
2402
2469
2671
2471
2471
2405
2486
2580
2474
2406
2345
2476
2476
2472
2613
2478
2478
2456
2480
2482
2554
2433
2482
2415
2485
2348
2418
2486
2564
2493
2555
2314
2495
2632
2499
2502
2610
2282
2504
2508
2191
2443
2509
2513
2510
2514
2583
2499
2515
2576
2517
2516
2586
2518
2447
2520
2586
2450
2591
2524
2595
2600
2492
2526
2529
2458
2600
2526
2531
2532
2461
2534
2540
2486
2609
2575
2545
2546
2546
2548
2621
2548
2412
2484
2542
2551
2554
2570
2553
2544
2555
2366
2555
2418
2299
2629
2561
2627
2635
2566
2567
2566
2635
2637
2705
2436
2313
2571
2472
2312
2575
2446
2572
2570
2581
2541
2574
2514
2584
2517
2500
2655
2387
2325
2586
2522
2594
2524
2662
2598
2525
2600
2664
2600
2552
2665
2602
2676
2536
2603
2607
2607
2606
2608
2609
2609
2612
2548
2683
2616
2615
2614
2686
2620
2623
2629
2559
2624
2562
2626
2630
2695
2632
2490
2636
2691
2693
2637
2496
2641
2638
2643
2706
2704
2682
2646
2652
2587
2648
2653
2655
2655
2655
2651
2651
2656
2710
2662
2519
2657
2657
2722
2663
2727
2598
2666
2668
2664
2669
2669
2732
2536
2603
2674
2678
2713
2548
2684
2684
2621
2685
2686
2680
2679
2689
2695
2695
2631
2749
2567
2698
2699
2699
2757
2742
2706
2637
2643
2707
2707
2708
2643
2766
2717
2768
2718
2720
2660
2762
2724
2725
2725
2725
2777
2682
2726
2727
2594
2811
2728
2734
2726
2736
2798
2737
2739
2739
2744
2743
2299
2790
2746
2752
2747
2795
2744
2758
2755
2757
2700
2756
2758
2806
2799
2761
2762
2810
2996
2766
2766
2768
2767
2824
2768
2772
2657
2722
7301
2763
2671
2824
2777
2826
2777
2779
2781
2781
2782
2782
2783
2785
2835
2787
2790
2828
2741
2791
2791
2842
2795
2798
2752
2785
2799
2848
2758
2803
2806
2804
2852
2807
2808
2810
2810
2710
2808
2811
2960
2816
2863
2777
2854
2825
2826
2826
2855
2827
2835
2835
2850
2737
2838
2836
2838
2813
2879
2881
2794
2702
2885
2848
2848
2800
2848
2888
2853
2891
2870
2854
2855
2894
2723
2897
2897
2863
2858
2862
2790
2865
2865
2868
2869
2906
2871
2835
2909
2876
2911
2839
2913
2880
2895
2919
2882
2883
2919
2882
2921
2888
3002
2889
2890
2926
2892
2892
2894
2894
2929
2768
2863
2901
2896
2856
2897
2896
2890
2898
2907
2906
2902
2903
2906
2906
2902
2899
2951
2907
2951
2909
2873
2881
2910
2911
2913
2958
3000
2910
2915
2915
2916
2916
2876
2921
2847
2886
2894
2934
2925
2926
2926
2926
2926
2839
2931
2927
2929
2931
2931
2925
2984
2984
2985
2940
2939
2941
2945
2949
2991
2909
2879
2953
2956
2955
2958
2958
3034
3029
2962
2935
2963
2967
2965
3006
3008
2973
2976
2984
2978
2983
2916
2982
2973
2961
3079
2985
2948
2987
2991
3022
2990
3053
3025
3327
3027
3067
3060
3031
2870
3004
2923
3035
3031
3006
3007
3010
2970
3005
3047
3039
2985
3012
3016
3015
3047
3018
3022
2870
2995
3023
3025
3025
3025
3024
3054
3026
3027
3027
3006
3062
3063
3029
2959
3066
3030
3031
3001
3032
3011
3034
2999
2999
3038
3069
3039
3070
3084
3042
3042
3030
3043
3081
3085
3043
3066
3090
3050
3049
3028
3051
2992
3094
3062
3055
3021
3117
3060
3100
3100
3063
3000
3061
3050
3106
3166
3066
3064
3043
2842
2999
3113
2970
3072
3074
3168
3075
3075
3108
3076
3077
3078
3079
3041
3038
3082
3017
3010
3083
3131
3085
3133
3134
3048
3093
3094
3054
3181
3126
3095
3142
3098
3057
3098
3148
3100
3101
3062
3088
3102
3104
3106
3105
3106
3103
3094
3160
3107
3109
3110
3110
3074
3111
3113
3164
3116
3116
3035
3170
3120
3126
3131
3133
3085
3064
3179
3134
3134
3056
3186
3140
3141
3142
3096
3186
3146
3099
3155
3150
3191
3156
3156
3193
3157
3199
3111
3160
3098
3200
3164
3066
3165
3158
3107
3205
3165
3168
3170
3170
3158
3171
3175
3145
3156
3176
3086
3186
3184
3186
3214
3222
3216
3182
3171
3187
3191
3146
3188
3192
3194
3098
3173
3196
3196
3233
3238
3240
3203
3236
3196
3204
3243
3199
3166
3248
3209
3250
3210
3246
3209
3190
3213
3139
3088
3218
3261
3220
3220
3221
3222
3222
3293
3223
3224
3226
3230
3227
3225
3268
3232
3235
3237
3196
3275
3293
3241
3243
3206
3209
3262
3246
3208
3212
3285
3252
3254
3177
3257
3261
3254
3290
3293
3215
3263
3266
3267
3270
3226
3310
3273
3200
3274
3275
3226
3244
3293
3281
3284
3285
3285
3273
3293
3292
3292
3273
3317
3242
3319
3263
3263
3276
3297
3320
3301
3310
3307
3309
3311
3286
3313
3323
3315
3317
3317
3320
3317
3316
3293
3318
3319
3301
3346
3321
3449
3346
3324
3348
3326
3327
3352
3350
3372
3357
3332
3333
3334
3436
3359
3337
3342
3339
3343
3345
3346
3366
3334
3367
3347
3348
3348
3348
3325
3352
3349
3351
3327
3378
3875
3370
3362
3359
3354
3354
3401
3354
3388
3359
3353
3336
3329
3366
3394
3387
3367
3368
3330
3391
3370
3353
3370
3378
3347
3353
3385
3380
3381
3432
3391
3313
3384
3447
3414
3413
3317
3388
3412
3361
3648
3394
3394
3393
3404
3391
3398
3399
3427
3401
3416
3403
3405
3434
3385
3385
3409
3408
3410
3375
3358
3409
3441
3413
3413
3414
3445
3417
3447
3418
3449
3303
3423
3425
3453
3457
3424
3421
3429
3454
3408
3452
3433
3435
3465
3436
3439
3439
3436
3468
3441
3436
3414
3442
3417
3445
3467
3478
3447
3478
3448
3345
3481
3450
3451
3537
3453
3427
3453
3487
3482
3382
3454
3419
3455
3455
3458
3458
3451
3493
3460
3534
3501
3465
3468
3440
3470
3470
3463
3508
3417
3476
3511
3446
3478
3478
3445
3420
3513
3514
3480
3461
3387
3482
3485
3453
3525
3432
3487
3488
3488
3459
3489
3490
3528
3491
3498
3498
3536
3499
3534
3476
3501
3501
3548
3476
3504
3508
3508
3549
3549
3481
3509
3511
3486
3544
3514
3480
3517
3518
3560
3494
3519
3522
3519
3523
3562
3525
3524
3521
3507
3528
3533
3634
3504
3575
3500
3575
3536
3484
3500
3539
3542
3545
3475
3512
3548
3583
3555
3552
3589
3549
3593
3554
3581
3555
3575
3559
3518
3525
3561
3562
3565
3563
3565
3556
3605
3567
3570
3572
3571
3610
3570
3570
3574
3614
3534
3576
3576
3576
3618
3452
3578
3476
3582
3543
3501
3586
3627
3588
3589
3581
3591
3632
3623
3641
3605
3556
3594
3604
3606
3609
3635
3610
3644
3646
3610
3606
3607
3611
3650
3611
3611
3652
3614
3574
3618
3619
3553
3557
3620
3627
3587
3624
3663
3661
3628
3632
3628
3632
3610
3633
3633
3634
3679
3674
3671
3641
3572
3641
3642
3681
3681
3610
3645
3649
3613
3614
3685
3652
3726
3654
3655
3619
3657
3660
3663
3591
3697
3664
3655
3700
3733
3702
3637
3635
3675
3676
3677
3594
3682
3680
3681
3677
3710
3714
3684
3685
3652
3687
3688
3693
3721
3722
3664
3696
3697
3725
3698
3700
3666
3729
3701
3702
3731
3530
3778
3707
3737
3709
3751
3711
3643
3713
3714
3714
3703
3703
3718
3693
3721
3693
3738
3718
3722
3722
3698
3718
3723
3689
3649
3730
3758
3731
3673
3674
3765
3701
3732
3731
3735
3734
3737
3774
3741
3742
3739
3719
3743
3710
3779
3739
3745
3741
3760
3836
3765
3760
3760
3733
3789
3737
3773
3772
3772
3785
3777
3779
3779
3746
3778
3780
3780
3781
3794
3795
3785
3786
3767
3787
3789
3794
3791
3791
3813
3793
3782
3775
3817
3795
3838
3799
3796
3822
3800
3803
3804
3832
3809
3791
3810
3813
3813
3827
3809
3816
3817
3817
3796
3784
3822
3836
3844
3845
3824
3806
3845
3827
3827
3832
3829
3832
3849
3824
3833
3765
3836
3857
3857
3837
3819
3821
3840
3841
3841
3842
3865
3844
3842
3801
3845
3826
3813
3849
3850
3851
3875
3844
3852
3856
3833
3880
3843
3860
3883
3865
3865
3888
3861
3889
3885
3877
3926
3875
3851
3894
3894
3917
3897
3878
3870
3868
3883
3863
3884
3905
3923
3823
3867
3882
3909
3890
3964
3894
3965
3895
3895
3852
3916
3907
3881
3900
3903
3904
3922
3886
3890
3906
3909
3928
3915
3910
3911
3934
3891
3931
3935
3916
3926
3938
3917
3941
3942
3939
3918
3922
3905
3905
3967
3926
3928
3928
3916
3950
3929
3935
3932
3998
3880
3946
3935
3876
3936
3938
3944
3939
3965
3896
3972
3995
3932
3946
3946
3969
3950
3950
3929
3951
3952
3954
3979
3984
3982
3954
3957
4063
3985
3965
4018
3965
3989
3940
3967
3913
3965
3958
3993
3956
3967
3926
3971
3947
3969
3969
4032
3973
3979
3976
3980
4008
3981
4011
3911
3983
3985
3872
3983
3981
3987
4016
3985
3983
3988
3989
3992
3991
3897
3995
3968
3992
4049
3956
4003
4032
4038
3956
4000
4004
4008
4025
4008
3999
4010
4042
3911
4013
3987
3987
4047
4021
4022
4023
4027
4005
4010
4029
4003
4044
4032
4003
4032
4032
4033
4033
3970
4064
4042
4026
4043
4047
4014
4031
4072
4048
3998
4050
4054
4054
4077
4056
4058
4059
4064
4082
4039
4066
4066
4066
4082
4069
4071
4044
4050
4083
4077
4076
4071
4078
4097
4792
4064
4083
4084
4059
4087
4104
4092
4094
4097
4080
4092
4095
4099
4104
4116
4103
4076
4105
4123
4102
4109
4106
4115
4113
4123
4113
4117
4116
4123
4117
4117
4121
4127
4129
4130
4132
4133
4134
4135
4135
4137
4137
4142
4143
4143
4145
4147
4135
4145
4144
4144
4146
4148
4150
4152
4150
4155
4159
4156
4152
4155
4155
4165
4167
4156
4160
4161
4167
4172
4167
4169
4158
4161
4168
4169
4170
4168
4166
4170
4162
4156
4174
4178
4182
4179
4182
4180
4180
4187
4192
4197
4187
4187
4189
4185
4197
4188
4183
4182
4191
4188
4195
4194
4187
4196
4204
4198
4194
4200
4214
4204
4204
4211
4205
4208
4194
4209
4211
4210
4208
4259
4214
4187
4216
4225
4218
4229
4221
4227
4225
4227
4224
4215
4226
4227
4227
4224
4235
4226
4229
4233
4231
4232
4223
4218
4236
4239
4246
4241
4251
4243
4245
4239
4247
4246
4251
4253
4248
4252
4255
4259
4259
4258
4206
4276
4265
4265
4266
4272
4279
4275
4280
4278
4285
4263
4285
4275
4285
4259
4283
4263
4282
4330
4286
4289
4291
4299
4285
4289
4291
4296
4292
4293
4295
4288
4305
4301
4308
4303
4311
4305
4312
4282
4301
4303
4311
4327
4316
4309
4320
4318
4318
4326
4321
4327
4324
4306
4316
4321
4326
4324
4325
4326
4330
4327
4323
4330
4326
4281
4287
4330
4329
4332
4334
4331
4347
4332
4337
4336
4336
4339
4339
4339
4336
4341
4339
4343
4341
4347
4345
4332
4331
4347
4351
4353
4353
4356
4359
4359
4360
4360
4360
4363
4362
4362
4362
4361
4366
4364
4363
4369
4361
4367
4374
4362
4375
4375
4366
4377
4372
4367
4368
4375
4369
4374
4376
4377
4372
4378
4379
4383
4384
4392
4397
4397
4387
4386
4389
4391
4384
4399
4393
4385
4399
4402
4404
4392
4380
4400
4409
4406
4399
4403
4404
4413
4390
4404
4405
4408
4403
4419
4410
4413
4428
4358
4414
4419
4419
4419
4403
4416
4417
4450
4431
4404
4422
4422
4431
4451
4438
4432
4432
4441
4422
4439
4492
4434
4466
4436
4437
4437
4452
4460
4444
4438
4438
4437
4432
4438
4440
4441
4434
4461
4442
4463
4433
4488
4468
4446
4448
4450
4459
4471
4431
4422
4452
4454
4456
4458
4450
4461
4431
4478
4438
4459
4463
4485
4465
4463
4489
4465
4466
4446
4481
4470
4471
4437
4437
4471
4474
4499
4481
4478
4496
4475
4475
4471
4482
4485
4485
4445
4482
4484
4512
4510
4469
4490
4492
4444
4515
4465
4494
4499
4475
4501
4501
4495
4502
4493
4508
4512
4512
4487
4513
4513
4513
4510
4536
4515
4518
4435
4520
4536
4518
4523
4527
4534
4536
4540
4494
4530
4533
4537
4601
4539
4540
4525
4541
4548
4544
4546
4547
4540
4562
4575
4537
4549
4551
4557
4541
4560
4570
4558
4562
4561
4561
4563
4565
4577
4567
4570
4580
4563
4557
4572
4575
4586
4615
4563
4588
4577
4578
4580
4568
4579
4583
4589
4578
4574
4587
4588
4588
4597
4589
4600
4608
4595
4595
4591
4601
4553
4552
4594
4602
4603
4604
4611
4605
4604
4606
4604
4608
4611
4619
4611
4624
4616
4627
4627
4586
4576
4628
4623
4624
4621
4625
4635
4616
4621
4628
4629
4622
4627
4630
4631
4653
4645
4657
4632
4646
4636
4642
4643
4643
4637
4655
4645
4635
4645
4646
4665
4631
4640
4671
4650
4644
4635
4664
4648
4657
4646
4657
4679
4654
4674
4674
4662
4677
4666
4667
4668
4671
4674
4680
4665
4668
4672
4675
4687
4676
4677
4689
4659
4678
4694
4695
4682
4720
4683
4686
4687
4676
4690
4688
4690
4690
4676
4721
4691
4693
4709
4626
4692
4696
4686
4683
4709
4700
4699
4712
4696
4684
4720
4742
4701
4707
4662
4710
4714
4728
4715
4718
4726
4698
4735
4706
4703
4721
4706
4733
4719
4722
4723
4728
4728
4697
4760
4731
4731
4726
4728
4733
4719
4701
4738
4738
4752
4749
4740
4718
4759
4760
4746
4751
4755
4753
4738
4756
4747
4760
4778
4745
4759
4761
4735
4763
4775
4765
4761
4773
4773
4775
4766
4780
4774
4776
4776
4785
4787
4763
4777
4782
4791
4787
4793
4796
4788
4789
4789
4789
4790
4791
4802
4786
5224
4793
4793
4816
4794
4794
4794
4811
4813
4798
4813
4790
4801
4802
4806
4806
4817
4806
4862
4813
4824
4824
4823
4815
4813
4837
4809
4831
4800
5193
4806
4806
4812
4817
4819
4828
4839
4821
4820
4823
4842
4808
4824
4825
4810
4787
4838
4830
4799
4834
4868
4833
4856
4834
4829
4835
4836
4866
4839
4862
4823
4863
4843
4850
4846
4847
4832
4853
4854
4855
4833
4874
4857
4854
4867
4877
4769
4864
4841
4880
4872
4884
4873
4874
4862
4888
4875
4890
4871
4892
4889
4884
4874
4887
4883
4885
4888
4892
4878
4887
4903
4890
4882
4906
4907
4892
4909
4893
4894
4895
4896
4912
4900
4900
4917
4903
4890
4924
4904
4906
4905
4917
4907
4892
4895
4909
4909
4909
4821
4911
4912
4878
4913
4914
4937
4915
4917
4902
4902
4931
4920
4948
4925
5065
4928
4914
4930
4933
4951
4987
4937
4954
4941
4956
4943
4960
4924
4957
4951
4918
4960
4954
4965
4942
4956
4956
4957
4957
4957
4943
4953
4968
4944
4958
4980
4983
4963
4965
4965
4965
4959
4989
4967
4969
5003
4972
4989
4973
4973
4995
4993
4977
4990
5013
4997
4973
4983
4984
4984
4985
5004
4978
4995
4992
5008
4993
4974
4995
4995
4995
4999
4996
4996
5003
4997
5018
4998
5008
5021
4935
5012
5004
5023
5007
5000
5049
4973
5010
4996
5011
5014
5014
5042
5015
5018
5017
5017
5041
5020
5021
5021
5020
4952
5001
5023
5027
5043
5051
5013
5063
5035
5041
5043
5036
5058
5044
5054
5028
5046
5050
5050
5030
5070
5053
5057
5020
5059
5066
5035
5064
5064
5053
5092
5052
5070
5074
5071
5059
5067
5073
5074
5089
5077
5078
5065
5079
5080
5083
5091
5086
5091
5084
5094
5066
5093
5098
5096
5096
5098
5098
5098
5095
5090
5103
5100
5100
5123
5103
5113
5106
5113
5106
5111
5111
5106
5118
5111
5099
5114
5118
5113
5123
5121
5119
5179
5127
5129
5129
5131
5129
5133
5134
5133
5130
5165
5134
5134
5206
5139
5144
5144
5137
5144
5145
5146
5159
5148
5153
5157
5161
5153
5146
5167
5163
5173
5175
5159
5167
5153
5186
5176
5176
5168
5169
5177
5166
5174
5185
5180
5186
5180
5178
5182
5181
5185
5187
5186
5183
5179
5200
5183
5190
5201
5184
5197
5207
5198
5197
5216
5218
5204
5223
5224
5224
5199
5187
5132
5205
5230
5204
5207
5212
5219
5238
5244
5225
5216
5247
5226
5253
5231
5255
5236
5233
5225
5256
5223
5245
5225
5261
5240
5234
5232
5281
5254
5254
5256
5254
5235
5275
5282
5229
5255
5283
5259
5259
5257
5280
5285
5267
5296
5272
5305
5273
5306
5309
5259
5243
5278
5269
5299
5283
5256
5279
5279
5240
5280
5310
5311
5254
5313
5287
5291
5283
5293
5321
5294
5322
5323
5297
5323
5347
5304
5329
5309
5262
5336
5312
5339
5273
5308
5313
5313
5278
5313
5289
5301
5295
5314
5341
5316
5318
5344
5345
5319
5320
5347
5324
5288
5309
5352
5340
5327
5349
5328
5350
5324
5334
5318
5353
5309
5335
5336
5336
5354
5337
5355
5313
5354
5347
5323
5360
5343
5331
5346
5361
5325
5350
5345
5347
5365
5323
5340
5335
5352
5359
5353
5370
5357
5345
5352
5372
5370
5361
5357
5369
5364
5377
5362
5363
5356
5378
5366
5379
5367
5379
5356
5385
5365
5385
5361
5372
5365
5396
5371
5371
5375
5382
5381
5374
5387
5401
5387
5389
5395
5402
5394
5419
5409
5397
5410
5398
5389
5399
5401
5404
5415
5403
5402
5418
5404
5390
5396
5384
5385
5409
5423
5409
5403
5411
5411
5417
5429
5420
5407
5419
5432
5434
5421
5421
5435
5422
5424
5439
5420
5424
5426
5441
5460
5428
5441
5431
5454
5442
5458
5439
5444
5445
5429
5560
5462
5452
5451
5451
5445
5449
5444
5440
5534
5471
5428
5451
5458
5479
5466
5510
5467
5491
5492
5471
5471
5494
5457
5494
5521
5472
5474
5501
5480
5503
5483
5508
5482
5470
5473
5472
5491
5479
5490
5505
5465
5514
5488
5495
5480
5491
5497
5485
5513
5523
5485
5504
5497
5498
5513
5499
5541
5514
5542
5516
5546
5521
5528
5551
5522
5552
5553
5525
5553
5532
5554
5529
5529
5555
5559
5585
5509
5515
5512
5544
5538
5455
5473
5523
5546
5525
5548
5529
5550
5562
5524
5540
5528
5570
5539
5570
5553
5556
5580
5559
5584
5448
5540
5565
5576
5553
5561
5561
5536
5561
5586
5568
5561
5563
5562
5589
5570
5597
5593
5565
5569
5574
5549
5571
5625
5600
5582
5578
5584
5646
5615
5589
5619
5622
5622
5595
5624
5552
5666
5615
5567
5606
5613
5600
5600
5630
5633
5611
5641
5580
5598
5572
5617
5653
5586
5592
5591
5597
5566
5618
5618
5619
5622
5660
5623
5598
5600
5627
5672
5630
5881
5678
5629
5614
5609
5665
5597
5630
5630
5625
5680
5636
5632
5638
5642
5686
5691
5635
5682
5657
5692
5617
5666
5639
5676
5692
5713
5659
5725
5645
5674
5682
5682
5679
5734
5685
5652
5741
5690
5747
5751
5692
5689
5696
5653
5631
5754
5707
5755
5696
5711
5764
5710
5710
5766
5711
5700
5766
5714
5767
5713
5768
5717
5773
5643
5719
5652
5699
5684
5710
5715
5709
5740
5702
5758
5725
5715
5720
5784
5784
5726
5785
5727
5727
5730
5682
5786
5786
5732
5733
5786
5668
5696
5756
5729
5754
5728
5748
5752
5734
5787
5741
5746
5796
5743
5799
5725
5780
5733
5754
5751
5730
5802
5763
5806
5759
5807
5813
5761
5808
5776
5773
5764
5824
5781
5781
5743
5783
5830
5832
5734
5758
5806
5741
5798
5861
5785
5833
5834
5787
5789
5790
5839
5839
5797
5797
5797
5797
5791
5797
5787
5798
5790
5767
5767
5786
5799
5754
5802
5806
5850
5807
5805
5810
5764
5863
5811
5813
5812
5865
5814
5869
5869
5858
5757
5844
5772
5781
5816
5786
5891
5797
5817
5834
5813
5838
5825
5881
5881
5827
5933
5884
5888
5833
5837
5815
5854
5896
5839
5847
5847
5841
5841
5849
5907
5850
5909
5924
5855
5819
5860
5860
5919
5869
5924
5924
5860
5861
5925
5886
5928
5933
5826
5816
5828
5831
5843
5885
5797
5811
5839
5873
5870
5904
5921
5872
5874
5904
5873
5927
5940
5943
5892
5946
5894
5896
5896
5948
5952
5865
5930
5901
5904
5952
5904
5880
5954
5908
5911
5954
5912
5957
5958
5914
5914
5915
5912
5962
5920
5921
5968
5921
5920
5969
5970
5927
5972
5911
5957
5973
5983
5822
5876
5883
5896
5946
5900
5941
5954
5907
5937
5923
5924
5889
5914
5938
5892
5933
5954
5911
5935
5952
5983
5937
5955
5939
6043
5929
5954
5991
5950
5949
6008
6014
5951
5923
6015
5955
5952
5958
5979
6023
6031
5973
5961
5971
5974
6042
5974
6048
5979
5958
6049
5987
6064
6066
5946
5991
5936
5960
5957
5989
6040
5936
6074
5997
5997
5920
5958
5969
6077
5984
6060
6081
5999
6016
6081
6017
6099
6105
6108
6025
6032
6032
6113
6033
6114
6034
6115
6118
6040
6122
6134
6022
5941
5977
6090
6063
5971
6002
5986
6049
6052
6049
6138
6053
6056
6145
6067
6067
5997
6157
6068
6001
6082
6159
6073
6081
6160
6081
6169
6169
6087
6175
6178
6021
6091
6113
6021
6095
6097
6182
6093
6106
6185
6100
6187
6102
6098
6188
6106
6095
5210
6109
6091
6191
7001
6157
5996
6025
6190
6031
6109
6031
6037
6038
6086
6042
6071
6072
6128
6182
6098
6186
6095
6188
6135
6064
6193
6117
6200
6120
6062
6081
6128
6112
6144
6049
6134
6124
6207
6209
6133
6219
6219
6219
6141
6224
6152
6152
6144
6148
6231
6153
6154
6233
6235
6094
6126
6152
6106
6179
6127
6116
6101
6213
6057
6204
6213
6156
6156
6319
6158
6240
6240
6153
6127
6311
6162
6177
6242
6245
6165
6168
6248
6250
6189
6173
6177
6257
6185
6187
6263
6190
6266
6189
6267
6163
6269
6270
6191
6196
6273
6197
6273
6273
6198
6201
6206
6279
6287
6237
6216
6294
6216
6218
6300
6223
6226
6303
6309
6227
6221
6309
6228
6310
6229
6229
6229
6160
6120
6236
6110
6129
6288
6134
6242
6242
6159
6173
6237
6324
6243
6324
6245
6246
6326
6162
6170
6167
6166
6173
6223
6181
6202
6227
6189
6245
6206
6193
6198
6208
6289
6220
6223
6255
6178
6229
6230
6254
6207
6215
6294
6248
6336
6248
6190
6340
6253
6227
6342
6254
6275
6344
6258
6345
6263
6351
6351
6271
6354
6272
6271
6439
6284
6369
6372
6292
6291
6375
6364
6290
6374
6294
6250
6378
6299
6382
6384
6302
6305
6305
6386
6393
6260
6254
6346
6265
6321
6281
6366
6394
6256
6313
6395
6315
6315
6404
6321
6245
6322
6337
6338
6421
6338
6421
6339
6421
6426
6347
6346
6428
6349
6430
6252
6433
6352
6359
6293
6279
6354
6355
6356
6436
6357
6436
6274
6267
6351
6291
6286
6368
6296
6364
6442
6372
6371
6372
6452
6374
6454
6454
6271
6433
6296
6383
6301
6401
6312
6312
6352
6321
6376
6320
6385
6401
6345
6333
6319
6343
6326
6423
6352
6357
6418
6416
6356
6368
6457
6377
6388
6457
6461
6387
6404
6463
6466
6388
6467
6394
6393
6396
6473
6476
6406
6485
6489
6409
6490
6345
6382
6418
6378
6459
6459
6383
6389
6411
6406
6375
6425
6408
6492
6327
6468
6411
6392
6384
6442
6398
6495
6413
6424
6419
6419
6502
6510
6416
6511
6426
6514
6411
6455
6505
6516
6435
6435
6433
6444
6517
6438
6519
6444
6519
6442
6524
6445
6525
6449
6449
6447
6528
6457
6533
6534
6619
6463
6538
6468
6542
6470
6549
6477
6478
6478
6555
6483
6481
6488
6485
6558
6491
6566
6567
6500
6579
6502
6498
6581
6503
6536
6350
6510
6505
6511
6512
6415
6516
6591
6515
6534
6592
6429
6424
6439
6432
6440
6518
6520
6518
6445
6519
6597
6522
6601
6527
6527
6609
6530
6483
6531
6462
6459
6517
6614
6617
6533
6533
6377
6459
6468
6497
6476
6548
6555
6452
6614
6482
6542
6571
6425
6621
6540
6623
6513
6545
6626
6548
6629
6493
6540
6629
6632
6561
6555
6554
6560
6498
6642
6565
6565
6539
6546
6648
6566
6649
6652
6571
6653
6572
6654
6665
6477
6539
6516
6520
6570
6529
6591
6526
6589
6534
6623
6546
6623
6547
6568
6534
6569
6628
6582
6545
6583
6665
6583
6531
6666
6584
6671
6586
6670
6588
6677
6593
6678
6597
6678
6603
6598
6605
6681
6608
6691
6616
6552
6623
6614
6698
6620
6707
6621
6583
6709
6624
6561
6629
6709
6581
6712
6631
6713
6629
6636
6648
6717
6637
6648
6719
6644
6728
6629
6560
6583
6603
6587
6660
6595
6660
6591
6531
6715
6564
6619
6690
6714
6633
6688
6640
6686
6640
6636
6731
6651
6662
6656
6734
6738
6664
6739
6750
6669
6751
6755
6756
6758
6677
6677
6680
6621
6679
6761
6678
6683
6762
6611
6680
6668
6651
6710
6731
6662
6738
6673
6656
6677
6698
6757
6674
6680
6768
6624
6711
6684
6652
6678
6672
6776
6689
6777
6696
6798
6663
6779
6704
6808
6706
6799
6800
6708
6706
6709
6805
6893
6715
6718
6715
6717
6819
6724
6819
6902
6729
6728
6732
6733
6733
6730
6830
6734
6831
6741
6735
6735
6832
6739
6836
6688
6853
6802
6750
6710
6754
6850
6754
6692
6705
6765
6860
6862
6769
6767
6868
6874
6779
6874
6876
6784
6878
6712
6882
6789
6789
6795
6794
6884
6886
6886
6798
6806
6801
6890
6892
6720
6812
6812
6722
6896
6818
6708
6714
6899
6781
6900
6823
6824
6728
6722
6809
6819
6724
6737
6757
6736
6757
6818
6759
6789
6863
6777
6797
6795
6804
6860
6800
6854
6854
6767
6827
6852
6854
6819
6833
6842
6823
6828
6905
6831
6915
6835
6840
6916
6837
6836
6836
6836
6926
6842
6927
6930
6827
6843
6933
6877
6847
6841
6786
6826
6812
6903
6904
6957
6835
6851
6772
6828
6887
6936
6854
6941
6946
6864
6955
6869
6861
6963
6857
6968
6875
6973
6879
6877
6878
6878
6974
6976
6874
6848
6919
6979
6882
6850
6887
6980
6981
6884
6887
6884
6895
6985
6993
6898
6898
6897
6894
6894
6996
6997
6900
6892
6997
7000
6902
6912
6960
6903
6915
7009
6912
6917
6915
7015
6886
6857
6858
6938
6929
6869
6838
7015
6929
6927
7023
6882
6942
6798
6947
7033
6947
6938
7037
7047
6951
6952
7055
6775
6935
6878
6855
6883
6909
6942
6992
6892
6897
6918
6907
6897
6888
6888
6922
6964
6964
7061
6900
7064
7067
6969
6971
7074
6982
7080
6988
6985
6965
7082
6994
7085
6997
6982
7090
6999
7264
6870
6872
6963
6902
6929
6934
7026
7024
7058
7021
6965
6983
7071
6992
7087
6996
7096
7003
7004
7098
7008
7101
7101
7013
7105
7015
7296
7107
6962
6977
7005
6954
6992
7017
7004
6942
7076
7098
7025
7005
7009
7018
7108
7108
7018
7023
7021
7026
7111
7027
7026
7116
7117
7030
7032
7031
7119
7053
7058
7033
7033
7036
7133
7042
7042
7056
7050
7055
7153
7058
7048
7155
7064
7253
7068
7068
7066
7068
7056
7165
7167
7070
7071
7069
7029
7012
7168
7074
7016
6977
7077
7170
7174
7077
7079
7174
7179
7082
7085
7083
7180
7092
7185
7187
7095
7100
7099
7094
7107
7195
7039
7015
7199
7016
7110
7020
7108
7024
7121
7151
7052
7112
7110
7109
7110
7201
7114
7203
7203
7115
7023
7206
7118
7117
7210
7123
7212
7212
7136
7130
7218
7137
7220
7139
7138
7222
7141
7121
7224
7143
7225
7238
7243
7152
7153
7247
7158
7248
7159
7065
7070
7163
7167
7168
7079
7164
7074
7253
7071
7068
7168
7256
7171
7258
7174
7259
7176
7261
7269
7102
7093
7180
7182
7180
7273
7035
7102
7117
7102
7118
7180
7208
7158
7190
7052
7190
7161
7127
7221
7187
7185
7185
7274
7279
7192
7280
7286
7198
7198
7198
7199
7287
7201
7199
7201
7289
7190
7292
7205
7205
7296
7212
7124
7296
7213
7213
7138
7266
7214
7378
7221
7214
7216
7131
7300
7307
7138
7082
7082
7125
7215
7149
7156
7161
7251
7175
7260
7184
7152
7164
7198
7172
7177
7277
7200
7296
7154
7239
7244
7256
7180
7212
7309
7227
7211
7226
7311
7243
7239
7321
7323
7289
7213
7325
7247
7332
7258
7259
7255
7256
7256
7337
7262
7339
7267
7030
7269
7351
7348
7279
7357
7278
7278
7282
7358
7229
7364
7368
7193
7292
7292
7292
7292
7292
7285
7224
7775
7293
7373
7214
7379
7190
7271
7252
7210
7214
7270
7255
7264
7305
7237
7228
7251
7344
7298
7245
7307
7314
7284
7353
7379
7250
7353
7298
7282
7299
7379
7299
7318
7319
7390
7394
7314
7394
7316
7395
7318
7313
7395
7321
7323
7400
7402
7329
7411
7411
7327
7339
7330
7338
7412
7334
7417
7342
7424
7426
7349
7350
7428
7428
7351
7428
7354
7353
7316
7431
7431
7361
7440
7367
7446
7368
7447
7369
7448
7369
7452
7284
7295
7312
7003
7297
7308
7298
7305
7382
7315
7347
7327
7405
7392
7330
7417
7334
7331
7385
7346
7298
7317
7425
7437
7363
7358
7336
7318
7318
7321
7466
7376
7374
7371
7371
7455
7457
7462
7393
7388
7393
7384
7383
7381
7331
7395
7467
7400
7474
7402
7476
7403
7395
7476
7406
7476
7487
7417
7489
7420
7491
7492
7277
7436
7453
7368
7441
7402
7393
7373
7461
7460
7403
7414
7490
7383
7380
7443
7427
7423
7493
7425
7427
7494
7439
7498
7438
7505
7445
7436
7510
7517
7454
7452
7445
7520
7520
7455
7456
7520
7414
7458
7470
7419
7399
7470
7430
7466
7440
7523
7421
7426
7495
7423
7460
7523
7462
7516
7583
7463
7467
7525
7474
7532
7476
7534
7480
7482
7537
7541
7542
7489
7487
7487
7545
7492
7547
7498
7498
7494
7496
7556
7559
7463
7502
7561
7504
7565
7506
7566
7510
7568
7510
7505
7569
7489
7569
7570
7458
7356
7450
7456
7518
7435
7503
7512
7518
7523
7519
7458
7457
7461
7524
7463
7526
7527
7476
7476
7478
7508
7486
7534
7550
7495
7501
7501
7566
7537
7511
7523
7485
7511
7534
7508
7588
7526
7529
7529
7534
7588
7530
7590
7594
7489
7556
7530
7505
7527
7596
7531
7651
7547
7554
7540
7541
7542
7544
7598
7604
7554
7616
7592
7573
7641
7576
7574
7643
7571
7704
7580
7569
7646
7586
7581
7582
7558
7651
7588
7549
7528
7542
7601
7541
7560
7545
7594
7549
7661
7595
7595
7605
7664
7595
7594
7665
7603
7600
7602
7670
7672
7609
7677
7619
7684
7685
7620
7620
7621
7596
7685
7623
7631
7688
7627
7690
7524
7695
7695
7635
7697
7576
7699
7641
7639
7623
7703
7597
7580
7644
7705
7586
7708
7650
7650
7588
7646
7709
7651
7709
7567
7694
7623
7603
7599
7578
7594
7607
7612
7679
7617
7630
7629
7633
7689
7643
7620
7702
7648
7650
7697
7711
7654
7711
7655
7712
7658
7660
7722
7678
7670
7665
7666
7666
7677
7691
7677
7732
7626
7727
7680
7733
7734
7682
7681
7681
7664
7735
7695
7718
7756
7648
7703
7722
7637
7689
7703
7726
7670
7678
7700
7761
7711
7708
7736
7711
7766
7712
7767
7769
7751
7771
7668
7689
7727
7722
7680
7696
7707
7682
7720
7744
7697
7723
7778
7673
7779
7725
7729
7729
7780
7731
7784
7729
7686
7790
7738
7738
7737
7750
7791
7739
7739
7792
7739
7792
7740
7740
7749
7802
7802
7742
7708
7641
7763
7718
7712
7757
7813
7760
7813
7773
7814
7821
7768
7719
7768
7821
7770
7828
9999
7708
7655
7768
7716
7723
7728
7786
7736
7736
7782
7777
7782
7744
7758
7777
7794
7758
7766
7762
7789
7780
7779
7835
7837
7727
7738
7754
7779
7842
7795
7787
7851
7851
7797
7799
7852
7855
7803
7790
7796
7859
7787
7847
7793
7833
7832
7807
7863
7810
7867
7813
7872
7814
7873
7821
7818
7815
7822
7879
7882
7829
7886
7830
7795
7886
7886
7837
7831
7842
7841
7894
7896
7844
7844
7796
7897
7898
7851
7903
7857
7908
7845
7796
7803
7808
7806
7816
7825
7828
7858
7843
7831
7841
7874
7888
7822
7874
7954
7852
7860
7836
7887
7844
7912
7865
7915
7869
7920
7922
7938
7882
7940
7883
7874
7878
7940
7862
7912
7872
7861
7878
7892
7975
7914
7880
7886
7878
7943
7900
7896
7893
7936
8008
7902
7901
7901
7956
7905
7903
7907
7883
7961
7885
7941
7963
7910
7909
7968
7919
7972
7922
7972
7892
7973
7924
7924
7887
7891
7864
7872
7916
7932
8038
7996
7940
7946
7945
8000
7946
8002
7948
7948
7947
8003
7951
8006
7953
7952
8006
7902
7905
7956
7956
7907
7960
7961
8015
8016
7962
7959
8016
7967
8021
7913
7924
7916
8022
7968
8023
7966
7923
7935
7972
8026
7977
8033
7978
8034
8037
8038
7911
7988
8039
7994
7994
7991
8043
7996
7987
8083
8044
8025
7922
7941
7972
7945
7886
7948
7951
7953
7970
7958
7979
7986
7996
7971
7965
8028
7985
8025
7975
8013
7996
7998
8020
8047
7998
7997
8051
8056
7982
8009
8009
8013
8019
8063
7994
8022
8003
8099
8053
8002
8043
8038
8006
8078
8025
8026
8033
8085
8034
8088
8038
8040
8040
8014
8084
8048
8044
8004
8046
8029
7962
8029
8133
8102
8052
8054
8103
8108
8060
8115
8056
8119
8064
8119
8071
8126
8129
8075
8131
8131
8077
8070
8131
8132
8082
8034
8088
8084
8133
8085
8084
8040
8133
8136
8086
7859
8138
8141
8039
8048
8040
8100
8051
8073
8114
8058
8049
8052
8101
8063
8068
8125
8058
8178
8126
8076
8074
8081
8087
8142
8090
8110
8093
8159
8106
8096
8159
8098
8110
8114
8087
8092
8085
8118
8122
8115
8178
8182
8120
8144
8127
8182
8132
8132
8132
8077
8194
8144
8114
8168
8206
8212
8149
8159
8224
8161
8168
8228
8233
8233
8169
8169
8130
8173
8171
8172
8235
8235
8177
8098
8098
8175
8238
8178
8239
8091
8132
8120
8121
8184
8159
8141
8218
8150
8171
8169
8181
8179
8186
8240
8165
8245
8187
8247
8250
8191
8253
8253
8254
8193
8195
8195
8256
8258
8198
8259
8197
8203
8199
8206
8206
8203
8209
8267
8161
8235
8214
8206
8177
8188
8232
8190
8197
8229
8193
8229
8211
8270
8277
8180
8224
8195
8244
8215
8231
8317
8192
8192
8278
8218
8216
8291
8228
8291
8295
8237
8298
8201
8260
8284
8223
8237
8217
8265
8234
8297
8241
8241
8303
8305
8243
8256
8243
8323
8259
8325
8327
8264
8266
8330
8331
8268
8333
8270
8272
8267
8333
8274
8335
8279
8280
8338
8282
8224
8338
8340
8294
8285
8293
8349
8295
8350
8303
8350
8357
8358
8296
8236
8257
8360
8310
8366
8311
8368
8372
8316
8373
8374
8252
8319
8252
8301
8260
8320
8321
8379
8322
8380
8328
8392
8227
8300
8241
8232
8268
8270
8272
8282
8337
8285
8336
8336
8288
8297
8403
8343
8302
8311
8277
8319
8319
8315
8329
8377
8329
8314
8337
8395
8331
8396
8331
8333
8333
8304
8434
8331
8331
8372
8406
8341
8409
8411
8340
8348
8342
8348
8420
8354
8347
8423
8359
8424
8426
8371
8363
8364
8369
8366
8433
8338
8382
8378
8441
8383
8441
8391
8446
8398
8449
8397
8350
8450
8346
8338
8417
8360
8451
8402
8459
8412
8342
8417
8414
8409
8462
8419
8420
8464
8323
8277
8401
8339
8376
8366
8363
8408
8420
8356
8429
8435
8412
8401
8396
8418
8439
8420
8465
8422
8423
8471
8428
8423
8472
8429
8476
8446
8441
8433
8478
8436
8480
8425
8467
8426
8471
8476
8436
8543
8482
8437
8439
8437
8440
8486
8444
8488
8444
8488
8448
8445
8448
8444
8492
8450
8493
8494
8453
8451
8451
8456
8498
8456
8500
8457
8510
8458
8460
8445
8512
8461
8513
8392
8380
8449
8430
8443
8439
8470
8492
8480
8447
8455
8459
8460
8511
8464
8464
8443
8424
8428
8518
8454
8495
8517
8462
8463
8526
8479
8486
8504
8452
8477
8483
8618
8537
8542
8491
8552
8477
8517
8482
8519
8573
8521
8522
8573
8574
8526
8544
8525
8498
8577
8526
8527
8578
8527
8578
8528
8486
8483
8533
8581
8535
8582
8539
8533
8420
8542
8589
8589
8523
8471
8521
8539
8532
8544
8556
8597
8559
8544
8547
8555
8555
8598
8563
8601
8564
8601
8566
8565
8604
8604
8568
8569
8605
8571
8572
8523
8609
8573
8613
8609
8521
8576
8532
8578
8579
8580
8525
8490
8497
8586
8526
8540
8559
8559
8562
8565
8563
8602
8597
8581
8583
8618
8569
8619
8620
8585
8626
8590
8587
8627
8627
8593
8592
8593
8593
8586
8613
8628
8578
8562
8664
8595
8598
8594
8601
8580
8604
8640
8607
8618
8614
8647
8615
8585
8648
8571
8634
8589
8626
8591
8592
8646
8619
8575
8593
8624
8652
8624
8658
8598
8597
8600
8619
8611
8562
8646
8633
8670
8637
8638
8666
8704
8640
8641
8674
8675
8645
8630
8677
8648
8648
8633
8646
8680
8651
8682
8657
8688
8660
8689
8691
8664
8631
8696
8666
8625
8698
8668
8699
8670
8703
8671
8616
8634
8640
8645
8675
8677
8645
8646
8653
8681
8672
8658
8674
8678
8674
8664
8657
8676
8708
8670
8647
8677
8683
8712
8666
8681
8713
8683
8687
8739
8690
8716
8692
8716
8721
8699
8723
8708
8732
8709
8709
8705
8706
8734
8713
8714
8738
8697
8715
8687
8685
8714
8694
8711
8729
8735
8709
8716
8715
8715
8741
8721
8717
8693
8747
8723
8725
8722
8747
8775
8701
8725
8731
8718
8742
8736
8727
8750
8749
8740
8717
8754
8742
8732
8761
8743
8761
8748
8709
8743
8749
8750
8750
8749
8764
8751
8765
8753
8735
8762
8741
8756
8744
8755
8769
8759
8760
8772
8762
8751
8715
8728
8766
8753
8763
8756
8766
8763
8776
8764
8769
8782
8779
8774
8768
8773
8790
8778
8793
8781
8780
8796
8788
8763
8800
8802
8770
8770
8790
8808
8784
8785
8786
8809
8795
8814
8805
8803
8823
8801
8796
8784
8792
8808
8806
8805
8826
8826
8816
8829
8790
8813
8830
8818
8813
8830
8823
8836
8825
8822
8823
8838
8826
8804
8828
8838
8836
8818
8817
8846
8825
8834
8829
8826
8829
8862
8839
8817
8824
8835
8839
8837
8842
8849
8842
8829
8834
8839
8848
8850
8858
8847
8839
8851
8841
8854
8854
8848
8862
8868
8858
8872
8877
8866
8880
8855
8868
8845
8882
8853
8867
8870
8875
8863
8874
8885
8878
8869
8887
8879
8896
8883
8884
8884
8884
8852
8901
8875
8885
8902
8878
8884
8906
8902
8890
8906
8893
8892
8886
8910
8920
8894
8912
8910
8903
8931
8911
8904
8931
8913
8933
8914
8915
8934
8912
8923
8914
8931
8960
8916
8921
8942
8880
8922
8913
8928
8951
8956
8921
8887
8939
8935
8931
8960
8938
8969
8961
8938
8951
8967
8944
8938
8971
8948
8972
8959
8949
8958
8966
8960
8966
8988
8963
8992
8945
8970
8944
8967
8999
8984
8936
8954
8974
9005
8975
8960
9005
9007
8977
8979
8963
9009
8984
9014
8989
8994
9019
9027
8995
9028
8955
8999
8979
8980
9031
9014
9029
8984
9003
8998
8999
8975
8995
9008
9002
9033
9011
9039
9012
9045
8971
9006
8989
9010
9000
9047
9015
9029
9048
9028
9016
9020
9028
9023
9053
9062
9036
9031
9019
9016
9068
9040
9076
9078
9041
9043
9082
9046
9085
9053
9025
9106
9089
9055
9022
9067
9034
9036
9043
9081
9061
9050
9087
9091
9046
9055
9060
9094
9058
9094
9099
9062
9068
9100
9070
9072
9064
9079
9070
9084
9106
9085
9064
9119
9044
9090
9087
9112
9120
9154
9093
9124
9094
9125
9064
9104
9067
9101
9135
9100
9064
9097
9139
9106
9140
9109
9143
9054
9145
9113
9113
9085
9107
9146
9148
9118
9120
9151
9119
9122
9154
9122
9123
9088
8915
9091
9055
9104
9086
9143
9142
9113
9116
9114
9141
9150
9112
9160
9126
9127
9134
9127
9160
9166
9104
9123
9117
9118
9165
9132
9163
9132
9136
9168
9170
9168
9186
9154
9155
9157
9186
9164
9196
9146
9138
9167
9167
9146
9164
9200
9123
9140
9165
9201
9171
9172
9205
9172
9144
9206
9176
9156
9209
9177
9210
9171
9180
9182
9154
9183
9210
9166
9200
9190
9171
9193
9204
9189
9180
9216
9189
9200
9195
9224
9202
9225
9207
9229
9190
9164
9200
9227
9230
9208
9210
9210
9247
9230
9184
9235
9194
9212
9212
9213
9233
9214
9176
9216
9217
9238
9239
9211
9225
9215
9239
9240
9212
9229
9218
9224
9236
9224
9229
9224
9226
9245
9230
9246
9239
9219
9241
9224
9231
9241
9254
9241
9224
9255
9240
9243
9244
9221
9245
9223
9252
9261
9248
9262
9250
9249
9262
9263
9232
9259
9247
9255
9248
9250
9273
9268
9255
9256
9245
9262
9262
9276
9265
9253
9277
9271
9208
9290
9273
9286
9274
9316
9259
9280
9296
9278
9299
9307
9287
9293
9314
9264
9271
9292
9274
9277
9277
9292
9281
9316
9307
9332
9314
9333
9334
9309
9314
9293
9315
9338
9294
9308
9298
9313
9298
9316
9312
9365
9320
9346
9322
9323
9349
9351
9324
9351
9326
9330
9334
9360
9327
9361
9337
9363
9319
9326
9326
9316
9322
9344
9340
9349
9335
9326
9367
9338
9375
9340
9347
9353
9351
9380
9356
9356
9358
9387
9340
9359
9353
9383
9370
9370
9366
9376
9391
9376
9376
9376
9354
9345
9412
9378
9415
9415
9379
9389
9425
9428
9392
9430
9398
9434
9399
9435
9400
9435
9370
9402
9407
9435
9362
9435
9368
9376
9418
9408
9383
9402
9411
9414
9411
9387
9399
9409
9417
9417
9446
9419
9400
9447
9448
9420
9425
9411
9453
9456
9428
9431
9432
9417
9430
9459
9437
9462
9439
9463
9463
9441
9444
9463
9444
9444
9431
9446
9467
9401
9429
9453
9424
9396
9457
9462
9430
9453
9446
9461
9436
9449
9438
9456
9441
9447
9440
9470
9444
9460
9449
9454
9475
9441
9465
9459
9483
9467
9466
9462
9485
9468
9485
9471
9472
9488
9480
9473
9473
9467
9473
9469
9471
9459
9489
9477
9477
9483
9491
9452
9504
9487
9478
9480
9474
9494
9489
9488
9503
9491
9473
9494
9510
9510
9497
9522
9498
9514
9516
9503
9516
9472
9489
9501
9487
9507
9495
9500
9497
9500
9499
9498
9509
9521
9517
9517
9518
9530
9519
9532
9520
9518
9530
9534
9526
9540
9529
9531
9512
9543
9554
9511
9520
9523
9536
9538
9530
9556
9539
9553
9553
9543
9541
9544
9555
9546
9545
9544
9518
9547
9528
9538
9538
9558
9553
9553
9546
9551
9556
9555
9560
9546
9556
9556
9560
9546
9557
9556
9563
9559
9557
9564
9566
9563
9565
9567
9578
9564
9569
9571
9571
9569
9570
9576
9577
9585
9579
9585
9564
9570
9583
9586
9591
9592
9589
9592
9587
9589
9589
9590
9581
9588
9594
9596
9593
9594
9596
9594
9596
9597
9599
9597
9601
9605
9605
9606
9608
9605
9609
9617
9610
9612
9617
9614
9613
9608
9618
9620
9619
9622
9621
9617
9619
9622
9620
9624
9623
9623
9624
9623
9625
9630
9626
9632
9632
9633
9635
9639
9639
9639
9636
9639
9641
9641
9644
9644
9648
9650
9650
9650
9652
9652
9648
9654
9644
9654
9653
9654
9661
9663
9666
9664
9666
9661
9666
9657
9667
9669
9663
9668
9670
9672
9676
9670
9673
9673
9678
9686
9682
9681
9680
9676
9683
9683
9683
9684
9686
9688
9687
9688
9689
9690
9698
9698
9698
9704
9707
9704
9710
9713
9698
9709
9706
9711
9714
9724
9702
9717
9722
9717
9709
9718
9687
9712
9717
9721
9731
9722
9730
9722
9731
9718
9719
9725
9723
9733
9727
9735
9736
9734
9734
9738
9735
9735
9725
9725
9734
9735
9738
9737
9740
9741
9740
9741
9742
9742
9741
9743
9744
9745
9745
9747
9750
9750
9755
9750
9750
9751
9749
9751
9751
9750
9757
9754
9749
9757
9759
9762
9760
9764
9761
9768
9752
9765
9767
9769
9762
9772
9772
9773
9773
9776
9780
9775
9772
9778
9780
9780
9775
9779
9785
9786
9785
9787
9789
9789
9794
9794
9795
9801
9797
9796
9802
9802
9797
9822
9804
9804
9805
9804
9806
9806
9815
9808
9819
9808
9812
9816
9810
9814
9816
9817
9824
9816
9827
9820
9825
9837
9820
9819
9829
9821
9802
9821
9803
9827
9823
9820
9836
9905
9828
9820
9821
9833
9833
9835
9836
9845
9836
9820
9837
9839
9836
9842
9845
9842
9888
9848
9853
9856
9861
9862
9863
9861
9863
9860
9863
9868
9865
9865
9872
9874
9878
9882
9877
9882
9878
9885
9886
9876
9890
9885
9890
9865
9877
9888
9893
9881
9886
9891
9890
9825
9820
9893
9894
9896
9893
9896
9896
9897
9897
9900
9900
9900
9903
9901
9909
9908
9910
9909
9913
9909
9914
9924
9922
9923
9916
9920
9919
9921
9923
9922
9928
9928
9923
9932
9928
9929
9937
9925
9934
9933
9938
9937
9939
9938
9892
9939
9939
9928
9928
9939
9941
9945
9949
9949
9949
9957
9957
9953
9952
9950
9963
9954
9946
9958
9959
9964
9961
9963
9963
9963
9965
9960
9971
9964
9948
9945
9973
9979
9974
9981
9976
9974
9981
9977
9988
9976
9989
9981
9970
9985
9989
9976
9983
9983
9989
9990
9993
9991
9988
9990
9994
9991
9995
9995
9996
9995
9998
9999
9999
9993
