Algoritma :quicksort-asc1k  Süre (ms): 0.0895
0
0
3
0
1
5
6
4
6
10
9
5
15
7
7
16
16
9
167
10
6
6
12
12
8
10
16
25
11
18
64
19
21
44
31
8
27
27
38
23
19
55
30
31
47
35
38
36
27
40
50
42
33
28
46
46
55
50
50
53
51
51
46
84
57
22
56
71
41
60
30
71
67
68
69
68
70
71
71
61
72
59
68
75
72
70
79
80
73
89
90
83
84
85
89
81
90
90
87
83
98
93
113
96
99
100
100
91
115
113
91
106
104
101
109
111
106
110
118
102
115
116
127
118
124
121
120
129
117
118
111
125
130
127
126
129
122
137
129
132
129
137
142
137
144
144
140
147
142
135
148
148
144
135
154
154
145
146
147
159
146
141
142
163
150
152
145
181
154
124
155
178
155
147
159
159
152
161
178
163
163
183
140
177
321
185
185
178
163
168
153
180
191
210
183
195
184
185
171
186
186
155
203
203
190
190
207
207
161
192
214
195
214
197
202
188
189
167
204
221
191
204
197
201
208
193
181
212
211
229
219
231
219
225
226
228
229
240
218
206
240
231
228
236
237
229
231
236
242
248
249
249
257
251
255
253
254
257
258
257
256
257
255
263
258
258
264
259
259
269
260
271
258
254
264
266
260
268
269
252
268
277
270
283
271
285
271
277
283
271
296
285
285
263
286
301
290
289
295
300
300
297
290
300
304
281
303
304
304
309
299
305
309
303
311
313
313
314
326
323
327
324
327
322
329
328
329
353
328
330
344
334
339
353
339
349
345
361
345
344
351
349
351
363
327
330
355
353
370
358
371
372
363
349
378
380
384
363
359
371
392
377
400
365
403
371
384
391
412
411
413
384
393
417
418
397
388
420
399
368
400
428
410
430
459
431
387
379
421
388
397
408
395
428
447
415
406
415
449
416
421
436
416
436
424
424
424
443
427
428
444
412
419
449
435
417
411
416
431
423
444
429
447
438
452
426
435
432
443
453
436
439
436
448
456
449
457
458
476
436
461
456
479
442
480
481
463
466
485
487
488
456
478
470
481
474
458
471
467
489
472
496
455
463
484
503
486
451
482
496
488
494
506
490
507
507
508
494
527
512
486
496
497
491
488
504
469
504
492
513
488
490
500
521
496
513
507
505
532
514
514
509
532
520
521
536
539
525
540
567
543
513
514
550
531
519
551
549
532
527
533
550
536
550
535
553
532
541
534
540
534
539
539
557
516
523
563
569
556
575
578
558
558
557
564
569
562
544
580
581
544
562
571
558
556
586
571
588
578
592
593
579
572
593
580
595
581
633
596
568
545
581
588
570
577
585
579
621
590
582
608
591
608
611
612
603
617
607
579
590
599
610
623
610
610
610
601
607
598
605
628
591
625
614
611
625
621
633
622
632
620
642
622
624
615
624
637
639
641
642
610
623
632
614
640
626
624
607
634
638
648
642
641
646
652
646
677
655
651
642
630
643
655
656
649
657
652
653
655
660
653
659
659
650
667
662
666
673
667
670
688
683
671
686
675
675
689
666
653
684
679
693
683
691
696
660
692
701
692
679
698
701
695
697
705
707
709
695
699
675
701
697
699
703
704
711
711
701
679
708
711
693
709
714
710
709
716
715
751
718
707
714
716
717
720
720
714
718
722
722
721
719
722
725
725
728
728
729
730
731
729
732
731
731
736
736
736
737
740
741
740
742
746
747
726
748
751
747
751
792
754
750
753
756
756
758
755
763
763
769
774
766
772
763
770
774
752
766
771
773
771
773
778
778
775
781
780
781
775
776
783
786
785
786
785
785
788
788
787
791
791
791
791
793
794
796
796
798
799
799
800
801
802
802
804
805
809
810
810
811
810
811
816
823
823
823
817
823
825
849
826
836
831
842
845
833
828
848
838
838
854
841
856
819
832
866
857
867
853
868
856
869
869
869
838
858
854
868
878
860
854
866
866
857
861
860
868
852
869
871
871
833
872
872
881
875
896
886
859
881
873
880
875
893
904
881
880
904
900
904
894
886
895
905
895
999
890
876
904
883
898
898
894
896
902
896
902
934
913
908
930
909
921
919
912
926
909
924
907
910
912
934
918
914
934
925
928
934
900
930
930
927
927
897
926
936
938
931
934
945
930
932
938
939
930
941
941
950
943
949
946
935
944
947
945
947
950
950
949
953
950
954
964
958
954
962
962
962
960
963
964
957
952
970
980
969
970
973
975
975
976
980
980
978
988
964
964
978
980
981
974
981
982
982
982
985
985
990
981
991
989
991
993
996
998
998
997
995
998
998
